1000
70
909
637
392
586
501
236
610
53
163
874
969
72
90
926
354
572
66
251
266
627
497
638
76
262
167
688
519
834
903
279
565
126
659
705
37
729
966
473
929
663
535
576
235
862
701
741
770
980
362
600
594
700
585
281
730
451
48
804
777
386
299
275
218
383
970
355
698
506
733
315
56
954
899
448
724
639
793
521
267
55
949
54
219
74
328
154
666
515
16
993
269
286
41
616
92
894
923
508
372
534
937
653
593
947
641
784
181
277
183
366
795
95
714
30
702
230
60
213
106
622
51
995
488
62
787
234
932
428
365
799
915
840
394
642
422
679
827
469
905
706
559
133
925
159
385
657
482
150
387
625
409
288
359
984
481
108
783
887
398
240
707
595
28
22
764
113
921
548
242
816
346
293
554
581
649
124
461
983
140
591
84
268
73
139
855
353
472
110
490
527
844
220
114
270
985
503
936
732
343
971
280
678
721
644
391
18
745
196
835
825
334
884
96
826
417
492
80
425
897
309
258
194
944
117
864
953
952
338
750
650
211
339
357
475
85
526
843
573
602
614
529
539
597
446
674
464
459
440
244
311
912
991
160
727
93
83
25
763
120
765
151
350
628
532
61
960
958
193
904
809
413
587
737
646
950
171
697
187
295
735
761
395
913
647
689
174
399
914
118
78
306
109
153
303
50
168
814
807
513
304
397
460
115
930
370
941
319
453
301
143
598
911
857
276
655
632
179
699
252
3
549
955
255
199
812
988
10
111
241
656
575
447
822
121
661
221
310
314
671
832
965
611
755
841
743
67
429
103
378
579
890
231
828
557
477
138
5
442
462
342
694
620
356
906
49
367
128
348
998
329
39
615
435
320
364
672
141
811
358
624
165
882
452
404
38
690
664
512
682
850
122
866
363
769
561
185
232
667
677
352
454
635
533
479
577
176
1000
361
746
520
619
430
407
626
895
351
456
633
607
256
52
959
19
901
681
977
660
88
209
340
21
846
839
278
751
326
570
216
131
668
495
112
443
445
381
695
191
369
433
47
514
45
414
790
584
465
485
204
264
748
375
621
530
852
86
631
33
494
964
68
994
458
263
574
605
285
946
396
12
654
854
734
432
544
848
686
962
466
373
713
257
400
623
46
786
289
867
170
172
774
243
302
709
406
788
480
696
318
868
489
227
415
691
145
486
91
583
789
847
806
245
228
552
803
384
271
282
538
516
771
612
568
217
476
32
773
148
562
94
957
742
961
87
247
885
129
547
976
336
184
810
202
718
634
457
849
553
239
518
152
502
99
685
344
59
873
517
186
388
939
858
360
411
973
738
274
785
596
652
511
23
603
105
158
979
717
206
676
208
908
198
922
710
178
24
916
272
522
924
332
670
865
478
757
116
658
778
781
779
749
192
974
720
505
824
444
40
673
747
101
999
580
875
951
379
137
551
753
542
253
651
992
142
324
63
82
34
226
290
731
284
130
65
609
427
726
135
487
496
567
838
405
265
107
877
393
436
419
837
829
127
104
467
796
830
296
833
630
712
491
471
978
719
861
300
420
307
449
762
4
483
418
322
321
891
484
341
169
297
956
156
938
441
493
57
134
613
997
968
523
918
42
177
972
982
934
871
760
455
197
902
195
390
920
162
291
119
986
589
500
64
403
708
312
669
238
853
424
648
144
35
421
325
845
940
820
259
582
15
569
246
439
161
507
335
317
201
662
250
886
79
604
164
313
13
687
555
146
963
123
44
590
987
31
97
283
801
759
889
374
546
692
888
545
498
863
815
9
819
14
880
588
860
81
601
509
180
408
132
377
990
752
249
883
791
188
704
182
564
308
541
468
754
401
566
36
537
376
723
287
166
261
416
948
898
780
7
823
410
438
215
200
917
431
463
173
945
149
273
797
802
680
349
800
942
711
260
423
470
782
331
996
69
683
125
896
528
703
592
560
136
210
223
531
26
571
434
248
821
928
907
817
792
380
851
665
715
368
155
606
636
878
618
327
879
98
744
756
20
189
190
794
967
798
412
818
872
389
499
933
716
29
345
504
859
316
371
831
919
207
808
856
43
842
725
75
510
8
298
876
617
931
536
100
89
212
450
558
337
77
426
608
102
556
2
17
640
525
347
740
927
524
813
540
739
776
728
294
805
214
775
989
474
6
935
237
881
205
599
224
643
900
910
58
292
382
645
147
157
869
203
892
563
254
11
981
736
578
975
333
305
758
330
229
767
71
323
437
543
27
870
675
550
893
222
629
943
693
1
225
768
772
766
684
402
836
233
175
722