10000
5160
5243
7072
3374
3572
9958
2634
6549
794
9039
3800
1863
3164
3226
5779
9583
5589
2050
399
5922
4771
7064
6846
1582
8718
4198
2907
8695
4721
843
1681
1764
9879
5799
2186
2067
2620
1363
3906
7145
4893
4653
6017
9437
3837
4124
7484
9609
6731
8441
2867
8270
8518
8705
6277
6247
3700
7167
4410
582
7598
571
9222
685
7931
3634
5355
4131
1205
2335
3158
5103
9585
7567
5780
4619
8223
1054
192
1011
4747
7519
3114
6839
1
1397
4849
3293
2654
7852
7303
6658
7780
8102
3692
4908
451
6262
4596
2653
4525
4462
9643
5306
5030
1235
4925
1558
1375
1778
1131
7988
6447
6487
2879
6615
7517
5045
540
1380
1834
9683
6596
5486
6483
3159
9345
6542
3943
7847
1394
7033
4455
2792
5547
1266
6900
82
445
1057
6909
842
129
9829
5000
2511
6766
3178
7817
2250
5384
7062
8442
5571
6634
3555
7957
1745
5565
1673
7634
6389
2420
1649
6254
4069
1029
2260
1014
5357
2347
358
9989
1504
9627
1016
8090
6278
1330
9507
4927
2619
8158
4515
8250
689
2942
8769
6154
7407
8973
3197
126
3232
6045
6401
9970
4645
9373
8466
8070
9769
5173
6537
2536
4352
61
6911
7814
7761
159
7057
2226
3177
3146
4922
136
9400
2013
2173
7232
8367
5610
1545
1240
6475
3548
243
5337
9304
9263
8726
7247
4725
4556
5365
1305
4397
9491
1418
7225
4259
135
6379
7410
2731
7959
836
8346
5973
718
779
893
7864
408
5685
7790
1521
3303
3373
2961
6008
6799
8709
6091
9939
2208
8309
6969
7348
2662
1677
8005
9995
4471
3235
8777
2164
6306
614
2577
3535
2820
3733
8548
4841
3665
8468
5904
7826
3836
8040
9187
2204
6809
2354
5916
9951
5548
6849
5405
2484
5894
5969
7490
7066
7962
9377
4141
29
1024
9565
9019
9481
1870
9591
7222
3835
1729
9993
4857
3481
7090
3260
4297
6168
4149
4100
1492
7964
4891
3973
4341
783
4835
5634
3649
4630
3567
8779
591
2889
1168
7735
8154
4523
8161
9550
4971
4411
389
3502
7537
4678
6561
6724
5281
8574
6896
5570
5566
1659
6755
2677
1027
3204
1550
1914
9106
9073
7259
5389
3109
288
9713
6162
1376
5773
5499
9994
7687
4938
9734
3799
1134
1173
1456
4390
185
4057
338
4215
3950
4846
6563
5981
7602
7668
1589
1257
9210
4809
7546
5709
1734
86
2926
6962
4706
9421
1255
5083
7818
8180
5751
1786
323
8510
6951
553
3760
198
6661
3019
2232
6917
2039
8372
7992
8403
2445
889
1458
9511
3318
4087
4212
9543
8364
1644
5762
7774
2590
4092
7667
5805
8498
5206
8568
9432
460
8918
9948
752
5075
3049
4306
5523
1942
4949
2849
7624
5157
6942
1117
2405
8217
8179
3986
3384
5479
8031
4043
1530
6670
7482
287
8547
138
9494
1345
2781
1554
1056
2793
9593
1033
6916
9275
5456
5574
6742
895
8282
9448
1683
9997
454
3858
7173
5104
6928
952
134
678
9866
9424
9638
2843
9703
137
3066
3982
9774
2750
1132
7977
9642
3428
375
2635
5371
5989
8160
5636
5949
6703
3157
1313
6478
5613
2818
9674
4138
341
3240
4828
2771
4089
2685
9999
9038
9110
9561
2385
1075
4137
8870
6345
3314
4370
3495
9254
6109
3094
3947
6861
4197
9603
7524
4448
6908
5062
3064
9322
2661
3413
3764
8979
7582
9573
8556
5466
8327
721
5672
511
5640
4718
8882
8683
7702
6807
7591
6386
2469
1842
259
2522
738
9787
7700
7361
4944
6711
3748
2756
8082
4693
2118
8186
5401
6592
2941
2221
3298
8776
3079
2394
2443
527
8923
2894
503
3525
5407
1479
7446
2706
435
5813
4539
7849
1671
3901
5902
121
6484
2333
7736
994
6464
1098
3375
2476
4080
8539
7377
4375
1583
2132
7180
3345
9362
8791
6450
2803
1082
971
9586
7461
3848
8661
2115
1769
9089
9485
5117
2872
5378
9037
486
4712
7975
5246
2810
5364
9314
1403
8845
4749
4545
3023
9513
6547
3185
6782
7990
1825
5289
6848
8509
4731
1113
935
6886
8728
3888
177
59
1391
2904
2222
6609
954
4690
4618
8694
78
8334
456
7846
5065
4444
9357
4781
4598
878
5123
6366
3348
5311
2262
9098
5788
4697
5332
1741
5240
3891
648
2665
5446
1688
4727
491
6828
1796
68
6644
1096
8443
3503
5551
5006
1512
7947
1782
4319
91
9577
2680
4700
3819
5714
879
2648
8448
8066
4004
7677
2827
3828
3529
3262
3488
2008
7644
81
1556
6337
7366
304
5225
6502
6508
1717
7909
2610
4220
7040
1535
1761
9802
7622
3272
9048
8932
9250
4058
4140
348
860
2036
1412
7889
7626
7873
1216
6268
7597
3423
1789
2276
8691
350
3284
1941
2134
5438
507
2219
7255
4686
705
7830
2494
9890
5323
6694
7102
9566
874
296
6499
6907
6161
669
8061
886
4924
4571
234
5217
7972
666
4224
1019
293
3743
5529
6818
4720
2003
5057
4900
2413
5063
3751
6631
4946
6004
3683
2514
6165
9117
3815
6405
8619
197
4921
8995
6299
4698
4730
6113
4060
6167
8960
9445
9361
9740
9284
1382
5723
5251
4797
8068
7970
6150
2307
3895
7321
8994
3850
3024
9930
70
5047
3706
8116
4746
6432
5664
366
245
5987
2630
4655
1077
6532
480
929
2005
7875
2667
2583
7209
6410
3583
622
2340
6183
6360
5430
5432
4389
5315
466
5542
4757
6940
1028
3793
596
9049
3154
7018
4148
6510
1302
4519
5108
8607
1275
8028
6992
9092
731
1303
2004
7135
9260
9372
7678
202
760
2741
7291
3431
5478
5054
6862
4951
5539
4885
840
4199
2256
13
4392
71
8500
2249
5739
44
5801
7030
5505
1449
4607
7479
2553
2970
9535
2538
6552
8402
8103
5397
9020
5094
6211
8716
9801
6838
845
3001
6748
7443
139
3775
9082
9132
7725
4996
7743
9564
2761
6367
950
8529
1932
5033
3797
2647
5053
7646
1370
6638
5679
6477
3078
1937
2987
757
6937
7867
2419
8279
9462
523
5005
884
6343
5121
7356
1936
1325
8588
2287
178
7114
7398
3147
7112
4911
2929
8146
613
2663
6914
8121
8051
277
5618
1860
5015
5309
8553
7080
1738
6753
5050
1544
3081
2471
5568
3570
2728
3761
8359
9013
4585
550
4233
8565
5740
6297
5008
1639
8199
7351
8759
4972
5629
1828
4485
9339
1409
4659
9291
8396
8052
1598
6332
2100
2900
2780
7215
5476
6207
3604
8063
8202
520
6938
3817
2686
3200
5507
7692
7009
9853
2416
4083
9582
2591
8360
508
214
3820
4095
7194
3944
3033
8881
8394
7043
8644
3247
7604
8952
6672
7403
9503
5100
6423
6461
3455
2462
693
9508
6664
9595
7183
2623
3255
5599
6341
4235
9902
8873
4865
4425
8508
8992
8439
6065
9974
258
1076
2899
5876
4017
6416
9271
7639
4987
447
6383
4184
672
7859
581
4395
2185
4228
489
3682
6385
6556
2985
2547
5044
6096
3486
2521
7184
2722
487
2921
5354
7179
9942
2890
3032
370
7981
9318
829
5255
4296
9810
668
5735
373
1650
9487
632
3414
4962
6263
5130
9217
7609
3554
645
1501
2314
9616
7822
2726
7147
5385
6551
6146
1213
1120
3561
8168
5616
4006
7000
2239
7384
8735
6428
249
4222
8650
7744
3925
4167
5627
5816
9136
1520
6351
9637
708
6460
3225
9717
7510
2519
8957
4365
3789
9302
2196
4899
4758
8093
2915
3473
2486
123
7794
536
32
6180
8450
3667
8191
2999
5153
1440
1810
8507
7669
2860
2561
472
966
9490
3382
6224
3089
1629
4942
4832
9768
2169
4530
6830
5202
4488
2943
4829
8167
4870
3524
9431
4979
6630
8532
3058
7017
5283
9052
2075
8183
2801
3446
6030
1233
1788
241
1175
1073
439
1508
1454
6583
5941
8572
5831
7721
8805
1910
9840
2759
9402
2437
7919
9681
4993
3724
6697
7454
9645
824
707
4574
9352
3233
981
2979
7154
9916
4723
7699
3702
6466
8821
3331
7418
8463
729
4868
1043
3075
2767
6521
2674
2241
1692
5712
7820
525
7157
955
7002
4689
7156
7798
9654
2252
6889
9929
9924
4334
4989
3367
2719
66
4656
8245
2604
251
7031
4538
3483
2409
2294
3273
8144
1483
4114
1790
8155
9859
9909
9574
2842
2502
72
8905
9854
2616
1404
2996
3242
4315
2265
1484
4034
3216
3313
5725
2078
5878
8761
6792
1663
9127
6579
8406
8861
957
3922
8170
7375
2097
8544
4094
3059
3811
5180
5093
4042
1899
2587
7475
8014
6707
4381
2576
3286
8461
3440
5193
856
7228
2707
4728
9783
6713
7493
8700
3942
4778
2878
1900
8623
2073
7848
6564
928
9602
8810
3592
6178
7069
329
2081
8542
9340
3870
5088
9940
3490
4033
317
1162
2892
3579
5106
2951
1035
1218
6797
5925
4031
4813
8487
8333
5414
5967
1563
8421
8642
6125
8449
1312
9171
69
7596
2110
2696
1455
6194
3571
8022
9530
4644
1001
8753
5001
6590
3219
951
4590
9732
2391
9186
5331
8775
3699
1958
6712
3790
2853
25
932
5055
6978
4464
6040
3105
7379
2716
2931
8044
6662
155
3009
7337
4964
9697
2151
7657
4377
9183
3192
768
8672
8818
9560
7670
6473
7221
5147
7945
6557
7329
8711
6296
3735
443
7680
9262
1359
4974
4014
7587
7588
7833
8525
2318
1714
4976
1097
62
7528
7615
3952
5611
7013
9455
7532
9027
4831
4752
5248
2727
9665
5017
7287
9729
4594
4343
7628
4990
8645
5107
2175
2460
4714
3796
3584
6941
8481
2251
7967
4587
4461
9388
3754
5007
9792
4160
170
7502
960
7701
3256
1050
7250
1957
7753
3710
6836
1294
1621
5457
3416
1493
481
8384
2429
2864
8894
3499
7420
8631
1947
9775
9870
6111
2800
4627
8598
3199
1469
3648
3730
4860
307
9532
1329
278
2822
9354
5758
1165
9323
8008
2447
2603
2695
9201
1983
918
3717
3691
5584
8788
1814
3771
811
22
5427
3234
1130
4429
2766
5874
2704
5745
5222
1552
3896
8795
8350
7804
1938
118
4802
3028
858
3924
5643
4845
5039
9592
5020
8751
7105
5174
5573
1809
1381
354
8669
8156
5383
5002
7632
6158
7908
7201
5447
8734
107
4219
8943
6
6061
8371
9788
6170
484
8987
6123
1827
102
3532
2165
8689
2703
4453
2363
9967
6177
2914
3263
7440
2572
1361
9500
6787
8049
7477
4661
7686
196
6283
4067
9914
9334
1808
6203
4338
2978
1006
7159
5205
7986
5313
1089
5996
5265
8001
7600
7285
4287
166
1560
9026
6019
753
1107
4470
1850
3842
8331
4937
5842
8578
9894
4901
6271
7515
9629
8961
1062
2094
5717
9436
3097
9182
6327
3718
9955
1636
2234
517
2193
3701
3651
1509
6816
8770
790
6103
4361
1865
4736
9385
4484
8182
8869
9192
2640
877
785
9471
4321
6679
5708
6959
4520
5594
3613
6826
5064
7264
4660
9533
3101
7412
9347
3921
4511
1419
7345
4446
8248
6682
3810
2417
2584
8702
9782
8017
5558
5220
9175
8975
5345
2056
2025
1109
4360
5182
10
7993
7631
6342
1420
9399
6369
8046
3721
531
7584
6812
9679
3857
3443
2458
6356
7138
773
6012
4044
6866
6749
8827
8452
6520
351
6382
1715
9698
6842
1801
7938
8990
4853
5642
2724
5038
4675
8543
1049
8271
748
8488
3063
2594
5650
7128
4919
3951
2361
5400
1861
594
8722
573
8947
112
1222
9344
1514
8095
4364
5278
930
997
6413
8723
6673
4555
1007
3872
1726
3834
9671
2228
3191
5544
8546
6021
2488
8835
2138
6282
3243
4490
8727
2092
7256
4561
8713
6275
383
5009
641
7550
6504
496
3871
1926
1534
9845
9149
8771
9412
3875
7107
8342
5274
1736
7629
2669
8175
3731
3690
4117
8686
3038
4640
4729
943
8135
2804
1924
8100
8440
9918
2628
4812
306
5733
5785
7214
1314
4127
7956
2273
8319
5031
9460
9885
1368
4313
1223
3139
3211
687
6292
1055
837
382
5307
4298
7094
6151
6511
208
765
6333
3152
4954
6901
3763
7079
7244
4510
5011
8307
5092
831
7770
3190
4244
651
5812
1438
8628
7186
8797
7252
9509
9420
3062
7365
5638
7349
2778
3629
9620
6446
1905
2331
2071
2046
8998
4164
5578
2762
9900
1855
5167
3402
9281
5520
3670
1291
7553
6648
2699
5203
6209
2838
9731
9529
827
526
6825
1746
6135
2684
7141
9099
3826
394
9693
1523
7950
2580
53
7409
6829
7663
9468
2135
1620
2655
2835
9379
7451
3187
3539
6187
89
4437
6244
2579
4871
4156
8714
6775
542
7564
97
6976
6285
9719
9044
3884
2752
9978
8745
8847
618
4784
9862
4917
6705
5609
1686
6894
6576
6188
7861
8587
55
803
1362
5069
4844
654
6010
6895
438
1713
6964
9615
9214
8639
3882
8977
9147
8165
6906
8374
561
8012
5025
2328
999
7155
9218
401
5215
8409
8663
9964
1369
7304
7119
5413
6977
172
6438
65
965
8388
1354
1226
4950
4135
8515
4796
4544
5253
8752
3564
975
7269
3466
5966
8926
7091
1298
5363
1986
9443
7059
6074
3077
6458
6837
8172
5028
2383
1334
3623
8042
3430
3136
6924
8782
9771
1854
2966
998
9527
3312
9438
4834
1307
4623
1597
5333
2216
9163
2790
6983
3213
3964
3220
314
1511
8115
1682
9799
4649
4427
2153
9639
8130
1269
187
3394
4025
513
5440
5498
3269
7633
7316
7870
1256
7189
1232
7253
7268
5864
5794
1496
2747
5290
5099
1373
9011
6078
1632
585
5863
4776
8876
5301
6927
5790
2320
3295
7205
4403
5892
4495
5229
99
8207
6455
3628
8483
1592
6435
771
4280
6098
1903
7185
1060
207
9791
1679
3653
6675
1627
8018
8757
7688
7489
83
1384
7413
2267
148
5164
5158
684
6204
7538
6990
6097
3657
8666
5228
7855
9081
3600
2344
628
5518
1142
4229
9537
2765
6584
2764
5131
76
6217
741
1252
2599
8174
4159
5690
7124
9827
272
6920
539
4081
6778
3637
2911
627
5194
2723
7715
7402
2964
8254
5772
2962
8029
4221
3084
6626
2639
9427
7952
5666
6459
4093
7140
7853
6958
3046
4694
6699
8428
848
900
1719
1478
7570
9844
2346
6805
719
4460
6870
1499
9360
5567
1344
6981
3521
8586
5501
3556
7378
4113
1599
4769
7595
2935
7841
7530
9749
2627
3734
8482
3785
1968
6795
9808
6540
6002
4995
6302
7495
8872
737
4349
662
1624
3736
7306
1208
432
6871
2523
1244
2432
2279
2535
1358
2692
4457
2813
1965
7455
2947
9758
2581
9751
5380
7868
273
7011
2691
3366
5796
3278
1908
6736
4907
4022
9025
3082
6905
5632
2563
544
2586
51
3703
252
1296
2508
2671
7423
4886
778
1875
9143
1041
5078
4413
442
7839
7682
1250
4602
1034
7717
5980
6888
5079
6328
6963
9874
3620
2015
1085
2527
9653
5470
3031
5598
5154
8883
9712
2052
9648
2823
8786
2342
8280
4271
1350
7212
4145
8056
7796
2183
607
3427
1787
4440
892
8368
3540
9125
3448
7266
9229
6469
3794
4115
4584
9721
9102
1188
756
6129
6994
3599
2702
546
4554
6701
6489
1322
5403
9280
5564
8205
4960
6868
1707
5500
125
7929
2125
7734
7067
4505
3055
3372
5115
7748
6726
8329
7335
9126
3616
6979
1538
1448
1468
4543
494
4842
9677
3056
5416
6692
3504
6081
2545
5317
6029
2244
683
235
9247
8842
6646
1548
9911
3869
4016
294
2170
8198
7983
3377
1217
568
2646
378
5367
2739
2313
2670
4358
7781
1625
6503
5940
1976
2010
7793
6677
6668
1685
7551
962
437
2919
7109
9036
7527
9067
9628
6652
6582
7742
3963
6311
1022
7816
5426
5019
4133
2564
7300
6876
1882
8758
6042
205
5372
8816
8602
9478
497
5743
8195
3958
231
8733
3864
7260
5140
9139
5605
6068
6404
9834
3015
967
6303
7293
9134
8391
7447
9913
8802
1231
2945
5662
7845
4558
3435
4380
1540
8076
6569
5422
1280
122
10000
5639
7655
5897
7081
9355
5258
1091
4740
8369
7213
510
9716
5675
3172
6890
6409
2404
163
8630
2388
4450
4011
798
1081
7720
9113
9928
7971
1675
3210
7004
8397
4716
9957
9419
6387
4079
977
9672
6057
640
9726
7928
5983
5268
7593
8591
6943
8820
925
9517
5877
1590
5593
4724
3141
5688
1918
1585
9704
6318
5701
3756
1617
8358
5580
8110
6832
9554
3012
8141
5882
9193
6269
7433
4557
6294
3468
5170
7169
853
9694
1214
9971
2969
2550
1446
5696
3663
6544
3182
7614
5299
3838
3439
49
3341
1835
9303
5917
9888
2588
2701
3927
3638
3117
1477
210
4984
84
9596
7332
621
9520
8377
3630
7647
6880
9658
6064
4055
2237
1317
7618
4717
9135
3229
7500
8654
8492
8228
2426
3498
1160
6926
5141
7560
3513
6546
4295
4930
8047
7809
7161
5932
3586
8021
8429
7178
1997
6738
3749
8780
3976
6055
4859
3573
2123
7279
2158
204
9133
2465
9413
3829
8687
4362
2544
7120
4873
6999
465
9064
167
5951
7164
9640
7705
5036
7082
5373
9294
7812
2012
7103
1730
9781
9290
7231
3644
2888
8927
6200
8237
1843
2126
4604
1864
3124
4394
2493
2264
6160
5824
6265
4187
4980
5674
5830
7545
8404
5924
3131
3497
239
268
6018
248
8688
5254
4378
3643
1204
8071
4469
3515
2598
9800
5653
4705
6723
530
5561
2058
3193
5207
1093
7862
4704
8609
4225
2534
127
6804
1179
8922
4204
6833
5659
8953
630
2018
8456
4726
9330
2236
3997
3275
2233
8149
3336
2660
1282
12
6457
1979
4527
7512
9896
5870
7827
766
4516
9205
3205
4206
9115
444
658
7350
387
9442
6947
5667
2108
7758
5587
8967
7623
825
5098
309
2300
1543
4039
7552
9309
7775
4988
7872
7654
9384
2072
2621
8844
5782
8216
2735
189
6688
6956
8850
1980
1215
7693
8787
1471
2829
5279
6689
6391
9060
3892
2956
8067
9320
834
2875
4267
8370
7336
1084
647
6241
5694
1490
537
5247
1948
7788
3596
7813
7339
9032
3482
8514
6452
6054
9937
4595
789
3994
5896
8317
1940
3458
1470
9256
3395
7892
5825
2615
9568
6591
5792
2659
9724
4193
3979
7746
295
3039
1209
1699
6153
905
1086
3259
7509
2415
4782
2028
5077
2192
7344
8535
5837
1083
5512
2032
4342
692
3956
8656
6376
3827
2568
3608
6169
8499
9849
6721
6039
4683
9045
3050
5881
6066
4565
3145
3788
6543
5340
2689
9952
780
4881
4676
4294
9418
5186
8815
5199
9061
1781
3660
6419
290
8505
9725
5840
1765
8862
3396
7795
3885
9597
9899
2902
5459
1333
5798
2479
1410
4071
9310
6788
9851
6722
566
2925
8860
7792
1200
9374
7277
6310
2504
1949
8138
4401
9484
9718
6145
6362
5749
3379
3194
762
939
1578
1838
7267
4536
576
4246
1546
414
3125
4096
9482
2930
2154
5628
1680
6354
8083
3460
5596
8742
2470
6961
2
3360
5136
7571
3463
5135
2713
7913
8944
9208
7246
334
6325
145
4591
1661
875
9040
2718
8117
3715
420
6048
9903
8357
5125
4240
3563
8471
8201
8744
8938
5911
6678
7823
2007
3989
5398
8604
1377
9477
6035
3300
4250
5630
2019
7207
4667
5261
3127
2106
9272
4970
7617
96
5633
6750
1253
9391
2633
4905
1588
4252
577
9283
291
385
8222
2859
1241
7843
8732
1503
3343
3862
1090
2922
898
1414
5620
1930
2924
1952
1388
7923
9415
1228
559
1785
7330
168
4582
2940
2246
7772
8432
8830
8540
6027
698
4838
5208
1641
7022
5238
3344
5353
2230
3642
868
4090
4012
6968
9622
410
1212
4878
6653
1615
5124
2281
3424
6800
8310
8132
1119
8972
2059
8169
3135
8486
3655
1003
9680
7320
897
9599
1533
5931
8579
3186
8789
1722
657
7904
490
9255
292
5855
8962
680
4877
1973
8766
706
2797
6618
2217
5342
7142
1297
9270
8075
430
8868
87
1996
242
2057
3215
56
2869
6105
9204
7014
5391
5829
835
6330
3904
9776
3965
4304
2194
1248
7912
2910
240
8874
5808
9313
7895
5651
4305
2254
5979
2656
362
5481
1731
376
1320
9688
433
6246
1623
5936
4863
5622
2636
1432
3585
7478
6149
9273
2146
8290
676
589
6674
9245
2708
2664
2215
2027
4529
8964
4998
4624
2688
8667
4314
9898
1742
2485
5869
2182
4732
9096
7679
4549
6780
5462
5105
906
7979
5906
9410
7468
4879
7466
6260
5957
340
2983
7464
2754
6577
1570
7974
7284
1408
6300
458
6289
7275
6258
7497
7439
793
7815
6199
7985
4664
2424
1010
5942
7642
2841
1916
6468
516
9727
5204
1705
3662
1124
7197
3326
8495
9598
6960
5213
9733
5582
2399
1857
8717
5938
9588
8528
1967
7239
8200
3974
8678
3048
4147
5972
8809
534
6690
3450
7505
8834
1398
6110
733
2679
9545
5778
5546
9666
2201
5132
1230
6424
575
3729
1245
3972
1844
4088
8363
7314
6406
5687
982
1657
1602
6813
2884
2548
3526
2034
1595
4339
774
1791
470
6305
5976
1070
2848
2024
7315
5338
9818
2893
7724
2223
9426
4840
6357
1977
7714
4112
5724
7174
2698
9663
175
646
3778
7648
2531
1771
6803
9457
356
5994
2836
8885
2938
176
6368
2732
9130
6744
1191
9738
9828
3903
1052
469
580
9466
6400
7249
1125
3246
5145
1524
9220
3403
6038
8914
6525
5
326
3769
5683
5883
2238
4745
8293
2390
948
3664
9033
7980
3941
763
1402
862
2817
3111
3302
2832
4134
5619
4684
8846
7347
9835
3355
533
8651
1950
7338
7936
3397
6967
9441
9567
4628
9692
8545
8701
9556
455
6281
964
6613
9797
3437
6595
4497
475
7520
31
8335
6946
7767
9054
7326
1580
6746
3704
1141
9865
590
3340
5895
1889
3861
3816
9140
7930
5809
2934
5329
987
8838
6578
4129
1400
593
2043
218
5436
2763
1821
8739
6822
9137
8997
3335
3091
9225
6725
6128
9880
5614
7334
3457
1122
5181
4431
395
9108
9454
983
5647
3880
979
2168
7035
8840
7650
4792
6627
3566
9761
8626
8275
3107
9104
7674
6375
6321
5722
2210
6740
1536
7041
6087
8060
6762
9764
5700
5783
267
2567
5144
688
2095
6997
3183
8253
9735
48
3426
2082
5893
9580
4101
7126
7087
3732
8627
4084
8196
8291
330
5601
8134
7825
2088
6598
5051
2293
1286
63
9153
8097
528
797
6044
3688
7192
5658
615
4082
8107
2768
7764
5284
9051
473
5795
3020
2020
7181
4507
1698
5732
2191
6226
1336
9846
6860
2423
5089
9131
7728
6950
2080
9650
7006
8646
864
4062
2854
2009
7625
4774
7132
8479
7586
3514
3768
8521
5490
8104
8527
8395
1502
804
3453
2323
4288
5833
600
9979
4018
8220
5316
2551
9625
95
4892
9070
6814
337
5477
8888
9796
3839
5623
6601
4483
7731
695
6370
9975
5097
5600
160
3329
1295
934
8585
4258
1392
5314
2275
230
6944
2905
124
215
9197
1182
5849
6704
3236
1461
3812
2798
2304
5410
5449
3798
9265
4504
7503
2407
4603
2549
9403
152
8037
1452
4898
339
4348
19
2609
904
2459
2247
5797
7574
4939
6100
6041
4521
1190
5843
2240
6359
9976
7131
2632
1220
2200
7052
6144
9212
608
3267
5263
5713
7289
1923
4552
4161
2631
9826
926
1195
1102
8162
4932
246
1417
1118
3026
3786
5503
5461
3421
7961
7325
7712
3294
6274
368
579
5617
3449
1656
2298
5820
4126
4178
8825
8511
5935
4023
4632
7882
3060
9728
1063
9505
3330
1606
2957
2341
8010
9062
3831
5718
9408
1596
988
7276
2026
9177
4821
7042
5392
5853
1710
6272
973
1236
429
6495
4185
2145
1405
1753
6566
6206
3913
5468
903
5032
3742
4175
7613
3687
7415
4336
4019
1072
2369
1139
9528
2112
4994
711
6651
767
2266
4106
665
4445
2285
1211
1393
9707
8692
7698
6693
2345
6257
2062
4687
8839
9689
1069
1177
9261
6480
5921
299
6757
7171
9240
229
6815
3818
7722
9119
1628
9572
6602
2976
7989
9823
106
1015
3641
8580
4024
9594
2916
4407
7373
3612
4637
6857
1743
1426
2177
8101
4032
1804
4417
9569
9181
5661
572
1642
2968
6163
4799
2406
2180
4329
6347
8865
3807
2720
8257
9959
1099
2207
1284
7887
888
891
4045
970
1872
11
9190
8928
2030
5901
7146
1378
6989
6893
2483
8485
5754
1607
3808
5741
9452
318
861
9711
3057
1194
5168
9088
194
6649
1104
2382
3527
9397
4307
6639
5126
6235
8305
7386
1262
5839
8636
3577
3886
5928
5645
3953
6374
5388
6485
315
7508
8225
8622
2532
9068
9150
94
751
117
9393
8298
8902
5049
6016
392
3755
8324
3494
4786
6120
8159
697
2410
3928
8007
3223
9050
1646
2826
493
4234
5806
3779
2526
7015
1239
9425
2682
2806
4465
3347
6497
1192
3874
7590
5800
2651
2378
535
8472
9094
9686
2565
5346
6852
9398
4764
3160
3671
47
5465
7664
5282
6147
4668
7536
200
2974
8171
5764
297
2373
471
3334
8318
638
8366
4406
4379
7471
4000
2995
8640
524
7463
2913
3580
1696
6878
8226
7144
9251
1517
1859
6586
8867
1300
2755
3090
2351
8077
8332
431
2474
2782
2644
5196
595
3137
1318
1953
9847
9644
9525
2060
1379
8189
3601
7513
3167
610
2271
8131
959
9165
4850
260
4502
5872
157
8123
5867
6605
9071
7771
2881
3833
821
7898
6001
1428
9268
3801
1068
4866
5330
7393
5304
8405
6533
1343
8550
424
3931
9276
3619
6650
7039
894
2516
8562
7399
7085
7370
413
9493
2492
1897
1760
3795
3814
6505
3434
4896
9440
8950
758
8283
1901
901
8321
4999
173
4107
2172
6273
5324
2352
2272
7996
6384
3758
3142
6399
5971
6264
7241
7070
4486
8434
119
1648
5982
4382
6050
3923
4143
3493
6141
7589
6412
7525
1088
5052
6512
2887
8916
636
9191
8965
8300
1931
8422
870
1356
5538
4028
9867
1065
9806
8147
4318
4290
3392
2510
4357
8375
1018
522
7434
1495
1108
8343
2384
1676
5731
9492
1407
3170
5043
611
8534
2096
8852
940
7963
8976
8258
9611
8880
656
1171
9072
2645
4331
1779
2993
9872
3542
1457
7452
450
7047
5148
1833
67
3115
7778
6987
2396
5595
7733
4207
4780
6808
3051
7949
8571
8177
7914
2205
7762
8589
6228
9194
6996
9030
587
1735
3209
9895
5815
6442
4216
713
2697
9434
1332
3522
8778
6148
8494
6309
1301
1443
6559
3351
4800
5946
3606
1360
710
219
4839
1660
6279
5393
9917
111
8913
2861
6014
5188
8984
3258
980
3716
8608
5399
8176
4385
5689
501
7719
9286
556
2839
2403
6219
4738
8438
8400
3985
1242
7012
1906
5890
7115
5560
7280
7426
6230
5419
1157
8185
9676
1150
9850
5804
5965
5010
1111
7619
2617
9486
6843
2788
8125
4789
5543
3317
9789
3614
6276
4638
7152
8611
8126
2089
2753
9226
5541
6995
1087
2533
6985
3980
6320
4856
8039
2898
7262
5621
6872
60
7568
8703
6437
3072
1956
8381
2224
3381
4438
9838
3547
4053
4862
4534
1695
3698
2038
3176
7768
461
8633
2883
5915
6680
7547
18
5420
6181
244
4592
5360
7948
4888
1032
3714
6237
742
2552
6568
9778
8920
9750
2156
8941
4003
3276
755
1311
3507
2870
5744
342
8814
5101
7327
9235
5156
38
1740
9987
9105
2242
8828
3591
1271
4421
545
6155
8655
5231
1522
269
7984
8224
2641
4861
9784
2593
4005
7123
7301
9439
1750
9009
1174
9739
602
5984
9423
8252
195
9742
6620
8939
4412
4191
7811
4506
9678
479
8625
9444
8720
3945
9831
2174
847
130
4169
4943
8467
974
4282
6641
9435
5072
4213
4300
1633
6791
5244
9621
1954
5603
9819
5937
8213
6588
8285
4155
8837
9966
3148
8513
9249
9803
1427
7531
9206
216
5676
400
4166
4209
4681
5162
2681
4194
7486
4180
6548
548
6758
9416
2381
6073
2319
5359
759
8035
9459
9941
7516
1891
3231
2509
3661
1355
5444
9516
2364
4309
6179
7749
9195
4546
5004
7745
9336
3995
7534
9001
9868
3845
9882
1575
2093
8978
6463
2776
1915
7641
6426
9659
6422
2897
3188
5886
3462
6245
6186
8430
3041
1579
7282
2796
7397
8843
1805
9383
4909
4609
6415
6075
6182
882
2395
9817
4553
6071
2730
7021
9618
9156
8120
828
9203
5351
8764
9121
9279
660
8768
6801
5356
2227
8673
5127
6231
5828
8629
7459
8203
9473
2546
5250
3530
3679
9584
8314
266
6793
8287
5146
6770
8053
990
818
391
1724
699
5242
5326
8341
872
212
3166
7726
5012
9047
5308
1995
3550
5197
5352
4588
9662
3093
1836
1351
4646
4973
649
2422
8433
5531
4559
2573
747
162
5455
7640
2595
787
6991
8911
5327
7800
7566
5555
1353
9337
1689
7599
9763
1933
6114
518
1637
644
7453
1744
4913
8475
7543
5396
4589
4634
6049
1357
476
4662
9757
3180
3476
7645
6869
555
1310
2783
108
1094
5394
8238
388
745
5113
5214
3747
815
3008
6628
6574
3212
3140
8567
2602
3686
1561
2984
3280
8178
3245
4719
8564
6719
4021
325
4351
8491
2613
2541
4190
20
154
5237
4855
3621
961
3451
3270
6133
1887
6156
599
4424
6856
560
7226
4393
6388
9233
440
6095
3279
7198
1890
8519
3417
9540
9145
2825
8133
449
4353
1849
671
3371
6349
8921
6527
3399
3757
1913
1140
4737
6891
4779
8552
547
7313
5678
782
1401
3393
7026
1848
9199
3898
5511
6854
4956
6261
4158
6000
2087
4482
7856
4715
9972
5335
9839
8807
1919
5431
8193
8129
2774
4232
4188
6759
8284
8106
5591
2303
3890
4130
9816
9458
3711
1706
1106
5862
5918
8971
1539
7196
5412
6892
2466
1277
467
1321
9619
5968
5668
4498
9325
8531
3445
5652
5716
6099
7565
6028
7706
1383
1569
9982
5581
6011
6190
190
3119
1023
5091
5838
1619
8504
7806
4210
1767
2401
2297
5728
144
5669
184
1285
9142
5993
7741
2439
880
1411
3562
6741
4830
7561
1372
6291
9446
4548
4547
3308
6202
5832
3576
9057
2402
35
8829
6472
3546
5588
2278
8993
3264
9239
5110
7934
6365
2161
910
7652
482
5705
5513
2289
8942
8573
8647
6326
9169
5775
8760
7003
6350
5118
9985
7777
2356
7272
3083
3595
3005
4760
1966
4118
6636
7122
4208
4579
3510
2840
6047
1672
5139
6984
5027
1784
1525
43
5292
6361
3265
3184
3897
1845
1169
8638
5912
8886
9617
1497
8680
1258
9228
4074
2041
5409
1249
8355
8884
5234
7684
4751
3274
7738
9892
4631
5850
1221
3866
694
3218
9447
3208
6043
8414
7427
1655
6998
6608
5448
7054
9766
4897
502
8893
3195
8671
9526
6119
5590
7901
5056
9118
4402
4965
8153
4837
5482
423
1433
1651
7286
744
4467
2243
2779
5706
3108
6024
7034
6185
6280
7100
3568
7203
4963
5300
359
1447
93
5742
2086
4748
9920
9497
1985
4945
2928
603
1693
3981
1678
6233
7417
4955
3791
1020
6539
5681
8682
1243
6358
4489
7946
2524
5577
6765
2517
2834
5165
7653
9114
5061
1770
101
6398
3813
6562
3044
7065
1489
6152
2316
8676
9006
3713
1423
6581
8349
7383
8798
1992
1802
171
6223
1238
4265
6425
3202
7008
7362
1488
6317
4958
2014
2412
8476
6538
228
4847
6348
4648
8469
5556
7343
9864
806
725
8426
8020
5417
1415
7831
2109
7666
1756
570
3611
6624
7078
3856
1654
4872
2436
5958
838
5961
816
9551
1909
2950
7973
3844
1773
2746
6056
5625
8230
3575
5177
8538
521
9159
369
5187
6322
9843
8951
5374
775
6863
6732
5042
6210
3803
3602
3156
4765
8445
5439
5223
5637
5081
2037
3332
4875
3603
1123
7637
3271
6867
9301
3325
8273
2310
4948
2350
2317
4633
5933
4854
7462
1058
2292
4699
3654
4583
3230
4432
6659
6238
407
2288
6015
7460
723
8856
2133
2332
2607
2302
3328
1862
6346
2178
3868
1510
8554
9856
8233
7857
282
1853
7046
564
5604
2122
7603
9998
2311
8281
3087
4613
3669
3002
4755
9669
6612
5644
7113
3489
5210
1259
452
8122
352
8109
2948
9367
7943
1000
8089
6912
7910
3728
9331
441
9786
4795
4037
7485
3506
2353
8875
1718
8006
8239
5999
1281
7941
1704
5376
9946
592
4703
1193
9154
9904
9417
871
1044
9863
8530
7925
7163
8419
4818
1928
2936
6007
2213
462
3248
8148
9915
7732
1352
3846
4819
9722
1342
344
9906
4805
3074
9811
8417
9010
2255
8059
2497
6939
3217
6516
8822
6372
4049
637
5155
9873
9100
9531
3412
9349
186
9065
1349
4046
4328
9544
4337
7760
3061
2181
7616
4663
5328
3479
4387
2906
8600
7095
8524
5923
7110
4179
4373
9925
5102
3914
4435
509
5298
2846
6448
2085
6918
2760
4889
9346
6140
2283
2866
597
3784
5756
453
5734
7076
5266
1990
3126
1487
4567
5834
4940
3291
938
1907
8276
7805
6062
9474
625
3962
488
1366
2989
984
1103
8857
5022
1962
2334
3695
3587
9157
1293
147
8910
3282
3165
3753
5776
8899
6255
2844
3998
605
3677
254
372
3391
8002
7258
2777
5418
9305
1413
6324
6716
5441
1922
150
270
2002
574
7230
6031
4064
7328
5358
8980
3873
3538
1012
8376
9101
8566
6077
4311
634
5112
6089
850
1288
9401
1817
3120
3283
5496
3984
4144
1441
6290
8576
6136
8652
6240
819
3867
3047
7
2903
7665
8561
4068
941
6003
7890
33
3133
4269
2349
2717
642
6132
2491
9931
4442
6745
3560
2787
7707
3099
2694
3920
1609
2428
569
4142
1884
1866
1480
5377
2376
6844
2809
6312
379
5151
8708
4029
8474
3465
2084
1571
1184
5406
670
5702
1126
3315
3631
7750
3520
3380
2554
179
271
3767
5041
2157
4673
7224
9522
2280
3086
8302
3668
3456
5592
2357
8596
9
3029
9499
5233
3128
7695
5975
1459
6667
1963
9328
3961
6534
4843
8249
3854
4281
174
4541
4621
4020
6248
5082
9755
3726
885
4513
8038
3203
1074
4322
9109
6443
7905
6403
3678
2400
1841
9950
7431
73
5074
6524
3966
3916
9664
7541
4537
5494
1566
4499
5710
2366
5789
5964
8740
9358
4790
2500
3174
3851
3254
5704
5826
714
2327
8879
6980
6607
8719
6760
1640
6739
2712
1816
2102
4186
6718
8526
201
9176
4918
2518
6220
6436
3409
8236
4376
9293
2077
1618
6971
8278
220
5875
4933
34
6810
5116
9762
9043
4047
3912
1004
2657
3541
8937
5900
110
1159
5070
8877
4569
4711
7367
9553
7858
2990
7499
7421
8790
7048
7969
7529
1925
2880
9069
1474
1144
7933
9969
604
8212
4491
4346
8410
743
4597
7968
6340
3228
5221
7514
4852
8730
1702
2507
1485
8599
8610
6714
1337
434
7319
4680
1830
8817
308
9411
8559
1984
7569
3893
6575
1813
9709
5530
7884
6899
7073
2116
5176
1460
9691
3645
9087
6063
7789
4763
727
2566
3144
5715
2847
7166
5665
8523
1187
5939
1482
6851
4293
8601
949
4439
7828
6772
6656
3719
3650
3067
4285
4806
1929
1824
1002
332
6474
8968
4301
2876
9180
791
9146
2816
1594
2678
1519
2972
4416
7219
9936
319
2891
6118
7878
3171
7900
5660
8989
4466
716
8729
8819
3674
4691
4463
6560
1574
7922
6587
6660
9610
4880
8582
5085
8799
6874
2944
3207
3478
907
8533
2992
4263
3909
896
7053
2874
8982
2895
9612
2149
5034
500
7554
2144
1749
1568
7050
4710
5046
7580
8078
6988
619
5128
7308
3918
4566
2896
1158
6084
2745
5415
2949
1815
4876
6225
4192
9552
54
3323
5947
8315
9675
5339
7125
5655
639
985
9365
6023
2451
3241
8465
2211
8490
4320
114
7879
9366
3385
6037
8024
7766
9690
3030
6734
7229
4573
6728
2960
7911
1822
9956
8313
4330
8750
7346
1603
6184
4433
1246
217
2785
9406
9042
6025
554
963
702
9630
6663
1196
2858
5597
851
3975
188
1577
9657
6910
9288
5366
8214
9306
141
1708
8453
5341
1127
9395
1425
8197
3894
5557
7829
953
1198
5861
2496
7659
4275
7251
7681
7835
1309
3477
9737
9160
6614
4643
6730
8725
1265
7932
6786
5707
2105
8265
7404
944
4967
8557
6212
2789
4214
7518
5873
7218
2114
6754
9858
7364
7860
1964
724
5769
3224
2023
9601
3045
1038
7450
807
7577
6093
7850
1829
7921
8909
7099
6594
8577
3582
9007
8137
3940
8747
2472
9300
4371
2821
1486
5929
3936
5746
8330
7685
5402
3569
9041
1754
9632
8219
255
1331
3239
6164
9613
7032
667
5408
6439
1137
7727
298
9333
9319
1943
9386
2450
2282
1219
3658
6743
3531
8657
7866
9945
4563
2206
7108
6486
6441
9381
2649
3935
6864
919
4531
3823
331
3636
4350
1795
7055
1129
8480
7896
4916
4926
1516
813
2560
3746
1591
386
9702
4851
3737
6218
3474
2070
7372
3744
2709
2505
3696
4236
1121
1518
2734
4647
9633
912
1694
2775
2729
1507
5884
620
7416
1148
6334
8229
6094
5787
8915
5325
2113
3739
7296
8166
7888
2336
7635
1396
1874
7784
7801
6802
4869
4248
7199
532
4119
8451
2360
8119
3740
80
5635
428
8085
4050
5934
9311
5026
1792
4125
5404
9243
7803
3505
3054
6735
9173
1197
1462
2700
7297
5791
9759
7506
9563
4168
2198
7309
8710
3022
6126
7894
549
3544
6545
8632
7955
9706
8690
1881
746
5910
5562
4374
1229
6284
2461
5583
9155
5382
1061
7390
6882
498
7360
9953
1759
5239
6232
1156
8455
5133
1306
2998
2231
4804
4601
23
9576
9983
4139
4040
7020
1161
9021
3992
5515
8092
8378
8605
8027
2021
9317
8164
9433
5852
8897
9378
8407
6580
5469
8484
3480
7966
6955
5738
2812
1116
2091
3849
4010
7010
700
2513
2877
9656
374
7216
4826
3902
8383
5860
4354
4277
3551
4606
6338
1780
9405
3305
7491
1348
6304
9884
2828
1553
4472
5786
6189
103
6655
3919
2000
4503
7425
1172
5277
6208
1630
8959
8621
5434
8935
1100
225
2441
2365
986
3537
5836
2932
2980
2137
5624
1971
1709
9024
5471
635
8933
6835
3013
2478
3598
4108
9338
8801
795
2124
3065
7243
8541
2269
2952
9521
8858
4333
4741
5793
2315
9536
5563
3528
27
6192
2556
9012
1974
6821
2167
9710
5760
9472
3297
7773
7457
2918
4744
5370
8390
396
7374
6308
4626
913
5572
9200
3100
6676
3863
7240
3400
8013
2258
7583
9699
2435
2939
8150
6195
5035
5959
9547
1920
609
9832
2017
9128
2414
7465
6715
6101
3681
5013
2528
9407
9308
5350
4154
9335
8267
9860
9429
1711
5697
9981
6082
7063
2127
4808
247
7756
128
7158
4890
1505
8353
283
6127
7953
601
1600
5691
7610
3512
3112
6509
232
5866
6702
976
2370
6414
1551
734
5437
4086
6993
5978
9943
2380
8706
5087
3447
2375
3418
1846
2499
9022
7474
1128
8086
9207
7737
3915
4823
5698
8408
9356
3725
9608
8595
8477
1210
7188
6708
7444
3777
41
8308
1339
4458
9174
9480
3978
6691
8128
1652
2446
7075
6752
3307
64
6467
6355
631
436
6632
7312
865
4961
2540
7261
403
5480
9944
6528
45
9685
8444
2286
6737
3633
6005
9954
4682
4468
3250
2176
5868
9488
4278
6491
5727
3594
3333
8140
1319
7470
2937
77
817
3129
3196
9684
6727
7927
1424
3454
233
1994
8592
165
7840
5770
6858
6763
2387
4785
4122
6513
9889
3622
1755
7791
8767
6070
7559
9687
8724
7755
8896
5898
2715
1115
4577
7978
4526
3501
4399
1806
5109
8765
30
661
4270
4508
4481
2330
3337
1944
529
8813
8194
2520
3143
9287
2079
584
367
113
5508
6198
2066
8615
1066
4754
6783
4701
3052
7612
2668
4323
5846
2751
8045
5736
5768
6242
823
6288
5390
6329
7808
7498
8427
5552
2136
6610
6440
2687
8274
7088
2606
8851
5847
9120
5171
8614
8808
686
9387
8581
6767
9090
1406
5549
4041
8209
6935
2807
4734
2074
3309
3004
9188
8889
917
1114
6847
8312
5919
7083
3244
8227
3469
4494
9035
8537
7086
7024
8296
4441
7281
6500
6314
6669
2203
9312
3652
830
1079
6972
8570
9836
1390
2147
6700
1453
3523
969
3181
227
8062
6523
4065
2338
6685
3369
7638
1021
5256
1430
4920
504
6107
7627
9231
8118
8240
5550
9002
3069
2029
5684
9267
8099
7937
1541
1136
2348
6948
120
1873
1666
7883
1155
749
3296
7060
1701
1593
1272
5491
6806
5169
4347
3722
6287
4247
265
5654
404
2229
4518
3709
6058
8208
1998
674
5887
9422
6197
3011
2268
6506
85
2368
5814
4262
4903
7056
8173
3900
2885
9307
5142
8906
5473
2830
206
6774
709
7387
2705
679
2819
4915
365
6501
7195
9512
6514
1670
2438
6604
8425
712
8892
978
7511
4777
7572
5514
5236
7954
6335
9542
681
1687
8617
6085
3487
1042
421
796
7526
8783
7359
8635
7333
8908
2047
6381
2440
9502
6331
9772
6761
6352
8871
7997
2321
6104
3106
4957
9968
285
4223
9973
2582
7023
1506
2986
6253
7298
776
8023
5615
1622
9984
9579
2442
7204
916
4500
5626
5682
1335
7630
2393
9055
360
586
1879
7089
696
6430
3615
9450
4791
9504
5974
9773
9003
538
6131
9848
5212
1105
1921
7168
2638
8693
7691
7842
9821
4816
402
9541
6625
4070
90
5172
1970
6476
8157
1203
311
6565
2901
3889
8930
9754
161
991
2117
4617
9184
4848
4452
8981
4316
8386
3036
6747
7074
1053
1611
8907
464
9017
5216
6600
7175
2430
4936
9202
8497
2525
1774
8286
543
1152
4605
8192
2103
9238
499
1812
9963
1346
6873
478
8823
8338
5259
5066
972
1439
9223
6397
5536
3253
6307
9277
9746
9389
7223
2837
9456
624
1176
7998
1338
7116
4260
6470
409
8145
866
3666
5905
5495
9869
2530
5509
4443
8991
814
1260
4533
3354
5161
9962
4276
3339
4284
7422
8215
6417
5649
7369
7005
15
1026
6573
1982
9353
8736
9605
8339
5191
5149
7187
9172
4981
9855
2197
3342
226
8878
4283
9266
8659
9922
558
4671
4672
9798
2666
717
9785
5159
7782
5819
262
8032
4501
349
9369
2608
5913
690
6456
75
9107
8613
993
4048
5267
9209
551
5232
4581
5276
3635
7101
583
1888
3438
2448
1133
9198
9158
8704
7606
7507
7592
300
1299
5844
8272
9720
4447
6059
2909
7058
8036
1946
956
7389
4226
4109
8612
9170
6492
2245
4434
7385
2257
2537
4170
9496
8956
6751
6840
4910
8806
7965
1712
8555
5766
6695
7786
7891
3954
6429
812
4242
5040
5322
3996
9376
6267
7711
989
6934
4001
8231
7676
7494
8295
3948
3364
1276
7548
7445
8503
4063
4512
1185
9091
8715
4203
8139
7441
7877
5711
2274
5856
1437
6530
9883
4639
6845
5175
5695
9660
8266
673
6079
4013
1643
2923
7899
3266
5464
5048
9475
3123
7779
1183
256
2886
5955
3420
2786
4152
8411
3436
1421
7488
9752
7658
3496
8
8662
2643
623
5249
7096
6606
7535
7542
5023
9886
1794
9990
336
2119
5143
2042
4253
2051
1945
2503
7555
3804
6121
8206
4077
1614
4205
8800
7148
257
7935
8658
6925
9370
8836
7299
3037
6418
3840
4056
7605
1917
9252
863
715
2159
5841
5379
4072
6193
750
7133
6395
9085
7578
9258
6571
302
8268
3946
3876
5080
633
5257
2220
9470
3310
1466
3987
3161
8731
4793
3085
5504
6172
4695
4934
8000
5522
6344
9371
4709
769
9587
7363
9877
9938
9780
8983
4575
4666
6394
9124
4456
8087
7036
4400
8590
4015
9350
5612
6519
9141
2022
6932
849
9476
2398
4894
8536
8755
3068
8079
2805
8447
8478
74
2506
5535
8356
9760
2981
6853
859
6256
9129
6259
9626
8677
5997
6781
384
643
322
2562
5489
5771
6336
1883
1565
4459
8124
4517
764
4384
1308
7469
448
2490
1799
5945
9965
6665
7068
477
7611
2431
1434
5209
5111
8516
9232
7751
1030
6611
405
2427
5720
1638
5286
5095
3723
3745
2824
4867
1475
6589
8025
132
6957
1017
1267
8831
7483
7671
5369
1939
9578
8833
5198
4833
7797
1532
8848
133
4688
1316
2411
1653
8457
7837
9793
9624
3557
264
5487
4874
6090
2101
4238
6855
6776
7832
1823
5985
1247
345
3289
2736
3646
4475
2975
4136
9237
4054
8328
6777
4493
9820
3429
7480
4929
9852
2358
7916
4568
6785
598
9253
1837
5336
7467
7238
5296
1101
275
9723
142
324
2498
650
2284
9825
8260
6681
6239
5759
1647
8668
6635
5152
5607
9213
5914
6117
5138
4708
2130
2676
4255
3459
164
1737
6431
4174
9241
8641
3441
1163
7802
7487
6009
735
9463
4189
9812
6434
3475
3492
2143
9215
1110
7305
6850
5521
2482
8211
9083
1739
802
2129
8898
7557
6157
9495
2542
1170
2865
2733
6471
8436
9923
7428
3787
6619
17
3770
5227
3750
2362
7435
8772
9148
8854
9278
4059
5822
1564
5670
867
5189
5962
8969
2612
8988
5119
1876
6252
6902
2355
8401
4733
4713
7007
9059
1576
9770
5533
2831
9014
5516
1581
9046
182
1500
381
2454
6820
9257
1559
2389
7191
5273
8263
5865
2690
5817
732
5631
9298
9705
3949
7991
2452
153
4449
7001
8431
9343
3708
1626
5656
2799
9933
9224
8763
2045
1189
5930
9730
7689
1847
4935
5721
7747
7844
6380
7341
2339
4218
6645
7869
7865
5944
3359
9324
7754
3659
4522
320
9000
3853
6251
9144
98
3932
3132
2833
4241
2128
9264
5305
5381
9743
8653
3774
5763
5963
7920
5525
8738
781
4386
9646
4509
425
9234
9559
7662
8603
281
2971
3292
9745
7718
5014
4836
263
2795
6794
6445
7368
8853
3917
915
3762
7150
8345
3113
8900
8244
552
3021
8946
5285
7200
1416
4436
3860
5803
6451
412
5608
4759
8811
7342
588
9066
3155
4398
6921
8074
6683
9523
1549
390
6143
7254
4982
2212
4256
704
9316
3163
1645
7539
1347
2637
2558
8754
3338
6622
4722
4474
8785
5029
6617
321
9189
8812
9465
8424
1700
9327
1323
9813
8955
7263
3705
9368
347
2444
8697
6214
1526
4858
5845
7283
5848
1819
2131
2737
8986
6949
3088
3883
9382
3821
5534
6831
24
6482
9151
8675
7111
3545
7501
9887
3252
9394
9464
4669
9185
5889
3053
4414
8354
419
8362
2958
3877
6173
9479
8413
7106
1180
3783
5526
4409
664
9741
5807
131
1831
8970
8866
9623
5545
4405
8593
9375
7318
770
2214
4173
2873
5821
1751
7951
4150
6201
6175
8924
4611
9179
6420
5502
8859
5977
9546
8111
4177
9647
8009
2574
7029
2324
6454
7271
7210
105
6970
4692
7999
958
772
3626
1498
5537
1036
4735
5811
2933
8055
3509
3034
8415
6479
857
4230
9116
6764
2652
8891
5241
3362
224
7049
2069
5858
417
7429
463
2489
4368
7723
7836
6975
1584
2625
26
3353
701
1145
9604
7380
5134
9031
9927
9651
8262
6729
8803
9029
8634
6629
5943
4110
8748
1987
393
1064
4775
1757
4550
2309
4904
418
682
3306
4679
1529
4824
8665
3138
7151
8084
8985
1399
3104
2725
7381
3042
5201
4966
6205
7556
279
1807
3288
1048
9123
2270
3843
3938
4091
9534
2850
2814
6657
4783
4359
841
4616
4941
3357
6879
9111
8707
7388
1025
2464
2862
8277
3549
5703
8361
8081
4820
8289
7752
2927
3118
7340
5673
1186
5059
9822
9700
8712
1927
7924
6130
3782
5450
1264
4707
8698
5488
4953
1494
9581
7137
8583
9282
6789
3590
9093
5347
1999
4827
3040
8594
4654
8015
3018
4201
2570
3198
1071
8016
7716
1961
2434
9138
468
8304
3805
459
3346
4310
1436
6236
4480
9606
1078
4817
6531
7098
5122
7496
8756
6974
6072
8699
4807
312
8365
1178
7322
8996
7273
5761
3461
6875
9095
9701
6166
4
8643
1613
7016
4608
7208
8326
924
3578
7458
50
8774
2372
4756
3519
6378
720
3609
4182
1567
6811
4291
730
2160
6060
6798
1721
1684
2658
7739
6885
506
9016
5349
3802
9824
221
8143
7310
8549
42
6834
6945
992
7206
1762
415
8904
9875
5988
223
3741
4761
7025
9364
1586
1515
1935
3720
1981
9246
6339
5998
3543
5641
1389
4883
5755
852
7476
8446
4420
9878
1892
2408
6823
1747
3559
7130
3766
4363
2920
4066
1839
3881
6316
9244
9380
9996
6088
6558
4171
8624
4968
5671
1289
6053
3261
2982
9921
6717
4355
9292
799
2171
7473
5677
6266
5303
3287
1274
1852
541
5312
6517
1797
303
9289
9992
5559
7918
9164
3277
1374
5472
1181
761
1537
6771
5920
2868
4388
9814
6518
5184
9548
6515
4245
1776
2139
9161
6392
8863
5784
1669
7708
563
2305
2337
7902
4969
4991
4576
4600
6919
4078
3043
7876
7903
6174
4492
9329
6953
1037
854
5037
1951
3201
3558
4674
3673
5219
6923
4677
4272
3491
1798
237
8416
6817
1668
8887
2857
9078
5294
3685
8832
9216
3285
5166
3350
4650
6913
8336
2738
4335
9747
6032
4099
1279
6623
2555
9562
519
2425
8606
2140
16
8974
1442
9341
1202
3759
7382
2044
7027
6227
722
5802
284
28
7915
3398
4324
6859
881
446
8382
4882
6570
6768
3386
1046
2994
1975
9274
7620
1371
7149
5245
3122
5387
9986
1959
2529
4243
5179
2359
5260
3370
7295
310
8299
6086
2055
4614
1832
8681
4620
6462
2121
4292
5445
1367
2851
5909
5750
364
7045
4702
9077
7118
2592
3189
115
6597
3937
8204
4423
3852
2596
3388
5190
2575
9631
1207
6603
8794
3776
1225
7438
5386
191
5320
2343
2455
2597
5680
7302
9935
3672
8864
8569
4163
3680
8393
2515
3780
7994
7819
3249
7643
2611
3765
8496
1166
1877
6877
3221
4947
1989
8163
2811
1154
8221
7776
8054
9392
3169
3102
3899
4895
4622
1777
1364
1005
2758
361
1867
5602
3025
4914
7987
2107
3432
4345
2225
2487
4487
736
411
4787
5554
3251
36
6046
8019
6215
8551
7278
629
280
4473
5310
4391
4610
2098
3442
9084
931
9795
9409
7656
7376
2946
5927
3316
4798
1491
728
7885
7757
8113
5485
4814
4202
4104
4992
5484
5230
8473
9988
505
9876
5777
6865
7944
2512
4562
2539
3832
5899
9833
3781
183
3151
1856
5493
3752
8796
3697
3179
7697
6541
6709
1112
3
1472
1047
6507
2601
908
7759
4651
8804
4768
2770
2791
7038
7237
3311
7242
5648
1601
8316
3792
1008
6444
4372
4036
5452
3422
5271
8931
788
801
1572
6616
4586
2473
6115
7430
7265
116
7651
4239
826
8232
616
3327
9893
8501
1893
7217
2967
9947
151
8105
887
1674
6535
5575
2195
5293
2166
4356
8050
3168
5767
2457
4570
1263
3675
8243
8470
5992
7851
8792
6827
9991
6982
9075
2040
9315
9519
8255
6171
5270
1199
6686
7234
104
8187
3625
9558
1894
6915
1955
4366
3955
5774
1800
7396
7540
754
3907
512
9242
855
8741
9682
4753
3098
1733
3010
2477
9668
4478
2065
9053
1869
3878
7621
5460
942
2988
8152
9670
6819
1146
5579
3911
357
2111
156
2263
8389
6841
5753
1768
9112
5319
6897
5129
457
1658
2815
1562
9714
5483
8618
7317
7960
9614
3676
7093
7585
2326
1547
1324
181
1045
2917
5497
2141
8398
3257
873
7408
8784
4422
9510
7710
6402
3977
211
4326
6124
2187
4641
617
8108
3841
6481
2711
3268
1662
6494
8347
914
3470
1868
2773
4825
4535
4997
6966
8743
3934
5084
4157
945
6396
40
3281
5348
6076
5442
6134
4325
1465
4009
8320
4766
1604
4369
9467
4105
6733
3574
777
8412
7704
4884
14
1251
9363
3607
4002
6092
6904
4176
1573
1783
2749
2977
739
4524
6159
1610
5318
5693
922
2912
6555
3017
8323
1772
4743
7472
2991
9980
8773
4773
3304
7331
2064
1527
5995
2742
1763
6243
7834
371
5334
7177
8190
1886
6554
8151
7071
6036
4739
8489
7311
7481
1697
6903
2559
4864
1138
6884
7672
2495
5885
6593
5424
5183
3910
7117
3452
5781
9756
8670
9557
3390
4030
5730
2090
8096
9211
2852
3006
5719
5195
4822
2248
5411
5854
9600
3092
1896
947
9028
289
2769
9891
9501
1201
9641
3071
7051
5657
9518
7037
8091
327
9506
3368
8098
474
8399
4102
7235
7424
3411
8380
6529
3971
5879
936
4027
4231
5302
4540
9897
8958
9919
5423
3933
1840
9538
5606
8563
5952
4035
6684
3847
5137
2954
7134
7061
8306
2650
1031
8781
808
3237
6363
3387
4279
6698
7906
3378
9332
2189
846
9015
5907
2772
1716
6465
3433
7730
5086
6449
1164
8762
2418
8679
2480
6313
6773
2501
5986
3988
4477
6796
4165
2672
1818
9589
1327
1451
4496
6930
9297
3693
8127
7926
1445
213
3150
4810
6353
2481
9830
2184
5880
8142
2855
2468
8949
1341
2421
4237
4887
7740
1727
3824
6986
406
3647
9221
7211
2578
7371
180
9805
5757
3640
6319
792
4532
7394
8841
5343
6696
286
6301
5463
6585
3772
3588
7563
4811
4123
6033
1720
8637
1528
8041
7143
6647
567
5990
398
3830
2054
8458
2784
7763
8418
3624
4635
9227
5506
6295
3238
2475
1911
426
3656
4026
2714
7649
1972
5224
7395
9168
1283
8919
3960
5178
3684
7391
3116
7288
422
5888
4052
3349
909
7694
2392
9076
1476
7562
6139
1752
6654
3970
902
7729
8517
1616
675
7673
3206
1634
4615
193
4120
9063
4332
3035
2673
1851
7995
3727
2308
3517
8793
9178
7897
4428
3016
8235
7227
7573
1013
9753
8855
7323
7092
8849
2218
2253
3003
1422
968
6666
7799
3983
4636
3376
6784
363
4217
7880
3632
9841
57
8826
3618
3319
7690
2031
1287
4303
9326
5297
1385
7810
1290
5344
8264
316
1991
3404
2693
3301
7165
6083
3859
9748
9636
5510
5454
8218
1435
4430
2322
5226
7442
5859
5428
3153
9871
7077
4128
5857
2622
1531
1587
1224
9248
8188
5737
2965
8940
5024
7437
9634
3162
3822
3518
2068
4268
5871
1450
2006
8136
2162
869
3908
4111
4146
6393
9607
313
9667
6229
328
3365
3552
8256
5576
149
4195
5150
1429
1723
6633
3999
9122
8034
2148
4299
703
58
9907
4051
8241
5686
1993
5120
4983
8649
4396
5073
1871
927
2585
2374
9259
6323
1555
3825
9236
4770
6965
2188
7874
5058
9058
9097
6138
9715
1542
3991
6706
7193
677
1040
8584
5765
5474
7854
2011
4162
1635
8065
3806
5192
7419
9034
3865
8520
2379
659
1153
3516
9809
9196
9515
7579
3073
343
6373
305
7696
4227
5071
3967
5361
5018
5492
1151
5827
726
9428
3000
7765
3593
7549
8423
6122
6567
5375
1315
5368
2624
4075
7139
7432
4196
3407
8901
7448
3130
9230
4454
9807
5287
4479
7544
2325
7523
7607
1473
4975
4132
4418
169
5726
7576
810
6408
1793
9498
6720
6637
4578
7821
9219
6621
8064
4367
4097
7824
5646
2675
786
4612
4750
4302
4599
5908
8026
3444
6022
7661
4912
9949
9765
5475
8435
3887
2629
5747
5699
4572
5553
2721
2882
5272
8352
4038
8340
4767
1365
7324
9008
2433
1395
7886
236
7400
1328
3408
3358
9857
6407
485
9842
4249
8269
7190
5252
1254
557
253
7521
5429
2179
8925
5262
8373
353
5163
2277
5090
8072
6493
3222
4551
4264
4273
199
1135
1261
8460
7703
8660
6498
6080
4815
7982
9661
6222
2150
7104
5467
6364
8620
2155
3014
79
3363
9483
2748
6881
9635
7354
333
4931
100
7456
4928
2386
7522
4008
883
9790
9461
37
3617
4266
8597
5953
2626
2063
8385
691
6769
652
2261
3565
6824
5068
1059
4902
7636
2152
7575
2397
6536
2367
1147
7160
6069
5903
3110
7392
1691
1234
9162
9080
2259
9804
9777
1803
2589
9696
8080
5528
8963
6112
5016
2061
39
7127
7939
9673
6234
1732
606
5569
52
3352
1811
2605
346
5235
5453
7893
46
937
4451
203
8895
8462
261
9018
8322
1858
6293
9079
1612
9404
565
7220
7558
7504
1481
7581
3605
8890
9005
7162
5114
8259
7769
7533
7257
562
2299
1934
3905
5517
3320
9912
5269
5527
7274
9348
4408
7176
7358
9451
8437
1326
1467
8464
6756
2955
2235
3712
5692
3993
3929
5948
8181
8297
4404
4742
9736
5540
492
5729
2048
5425
3990
8112
397
7170
4514
1167
9910
3419
5443
1690
7449
6887
3597
7608
3508
2453
2377
6898
8292
1608
2295
1898
7405
3694
380
9926
483
3321
2871
158
2618
9961
7492
5211
653
9023
9321
6106
7292
1292
5519
8242
1149
1902
8003
5956
3134
2104
6427
8303
9861
7838
5003
4560
8379
5021
3121
1665
8685
9881
5748
7436
4286
6108
7940
3406
3007
7352
2802
5950
1143
8030
4629
2076
6954
1227
7807
2953
4426
5458
2740
1464
9815
1095
2908
9794
8004
7236
7660
2016
7601
7411
6550
5421
5524
3464
1988
833
7084
4254
4665
7121
6883
8903
9837
7675
3939
4801
3536
6522
3149
4564
7353
5395
4327
6931
3095
7709
2600
3389
3809
5321
876
9524
8648
3589
1513
6137
2642
146
1237
6599
9649
4153
4476
8664
9570
9056
4317
2959
8934
9779
4642
3410
4085
5280
8351
1912
6973
7406
250
8824
1304
800
6270
1278
4183
5200
1557
5954
9166
946
7401
109
9744
3484
7129
4696
9708
4098
5663
4762
8936
2190
8948
8088
4803
3425
9655
5532
8234
9934
8737
6142
5291
7097
5435
578
9514
8325
4007
6642
5076
8929
4261
3930
4986
3500
92
3485
5818
8493
3534
1758
3076
3472
4211
2543
3738
4985
301
6710
1728
4978
996
4923
3773
2467
1067
8294
6390
839
995
1667
2757
5218
8558
2449
1631
4251
8502
920
88
6643
5851
2997
4172
3969
4593
5823
6936
8575
9555
4289
8674
844
5096
2209
4121
8301
890
3467
2456
6952
3383
8746
7907
5362
140
5060
8616
1463
3639
1080
7202
2744
6371
1039
5835
9469
143
5451
5264
1664
5275
1775
6453
9414
6421
3173
2290
8522
9086
740
9285
8454
8560
7863
2312
7357
9269
8749
2120
7871
4658
8512
6687
8210
1051
7942
2743
495
8392
8043
4061
1895
6490
7976
1605
6006
3103
7044
1904
7881
3511
427
7594
4257
9152
626
9359
8387
4977
8069
8058
2963
7172
2083
1268
9351
3070
6286
4116
515
5752
2035
1092
8348
9449
7713
7028
4181
3627
655
784
7917
9299
4794
6315
5585
3214
2291
1340
9901
2463
1885
6052
6572
3080
6249
9960
3926
3299
9074
21
663
5586
2053
3610
6191
8261
9977
276
2808
209
2557
7783
9932
2199
2142
9390
6526
5891
4200
7019
2329
1748
1009
3405
8917
4419
4580
4151
4308
2794
9103
4788
7307
2296
5433
7355
7958
1960
2571
8721
1766
832
2614
6929
3401
2683
4103
6553
6250
6298
6496
2856
9908
3533
9575
7233
6196
7290
4670
4528
6026
8954
3553
1969
4340
612
7787
8114
6377
7182
6216
9590
9767
8459
2001
4344
2202
7136
9295
9296
3356
8506
9342
8684
2863
1978
9004
805
3361
3027
933
8344
8011
2973
274
3227
6488
7153
6640
6671
8073
6067
1703
7414
8912
8311
1270
335
822
923
3879
8420
9167
3415
5926
2033
9396
6116
3096
8337
3324
6790
4312
4383
7248
514
7245
5970
8033
4415
6922
3471
8048
5067
9652
2710
1880
7683
9549
2845
8288
9430
2306
6020
5810
9453
1387
3968
7270
3959
6213
6102
1386
1431
3175
6013
3689
4772
820
4073
5295
6034
1820
2163
8945
4685
1826
9695
9539
899
1444
6779
2569
1725
4959
8094
7785
6221
4906
238
921
3290
5960
911
3322
6051
4625
5991
1273
2301
6176
377
355
8696
8999
8246
3957
222
6411
8057
3581
8184
2099
9571
9905
2049
4952
8247
1206
4274
4652
5288
809
6933
1878
5185
3855
6433
4542
4657
7294
8251
416
3707
8966
9489
2371
4076