10000
6638
5794
3910
4066
5570
4287
5551
3164
1692
8961
9147
3646
6647
4093
1427
974
1006
3649
8821
5828
1235
9904
1263
4050
4715
2888
7486
5080
1285
2548
6755
7135
2346
4358
9413
149
5142
3441
8481
7586
3049
8731
9205
5203
9370
6848
2751
5174
2059
3733
3747
8212
6296
7828
4824
5196
4029
2150
755
8585
6266
2205
3898
1812
3947
3840
6504
4218
3197
1214
818
5126
8847
7022
153
9044
6914
6020
4498
9813
8549
6138
1651
8354
4489
9780
9716
5188
6896
9485
2484
684
8663
7648
5225
6013
8867
7489
810
5441
9372
3919
3884
4473
3150
2288
2755
6211
3156
3764
1017
2872
5063
8205
812
5516
8430
7968
9593
1432
2857
2996
3162
6347
9405
3551
1507
924
9180
2505
6030
8591
9171
5202
4174
9488
895
2665
1515
6442
3369
8122
8255
6674
3951
2476
4469
7245
5039
2409
9420
7485
682
9068
3149
3696
3100
3025
6901
4696
6126
3109
5097
575
4738
141
1456
6151
106
8710
6077
6942
1604
3402
1463
3377
6642
9177
7077
8695
9769
6840
3043
6882
8599
1571
5038
8640
4946
5365
9010
2039
4889
3656
3595
766
3236
4379
5529
4274
1413
6189
7750
537
6185
1450
881
586
6248
5535
3141
6762
561
7869
4331
6303
7053
6312
1382
1160
4846
6812
619
5131
4845
262
775
7880
6711
8780
8956
4373
5028
2896
6460
8527
1817
2281
7512
4681
5354
3169
2700
8079
6392
2954
3201
2621
2045
9126
693
3121
9604
6337
5937
6881
7494
1118
395
931
6146
447
9886
8233
6838
228
8434
8496
411
3426
3177
1696
836
9571
8242
7488
4408
2054
1295
6851
8322
8505
5260
6862
4437
1742
7437
9376
5644
709
596
3535
8476
8652
6910
6333
3773
7286
5733
3811
204
6466
8614
7885
4630
4069
4114
7611
8691
3
4486
7054
1419
6402
2578
8629
2212
9453
4456
2324
904
6961
5442
7392
8259
9350
1097
5647
5668
9691
6886
1061
6819
1723
4747
2966
1139
5697
7701
4782
5360
808
5896
2294
2038
5316
4035
8211
7504
7295
75
8497
8367
6874
8891
7801
8291
2267
2081
4321
5449
1138
1177
4587
1205
4304
1681
1337
5149
3005
977
5985
8796
8974
9895
2163
8667
8538
9941
4538
9639
8203
4458
7635
5653
8726
8232
9460
9518
4678
1483
9753
1169
9519
903
5852
9868
7426
131
7643
5726
2831
6463
7123
5572
5651
9568
6610
5368
9978
609
2431
725
3767
8610
5542
1560
8056
377
1704
8781
3040
2025
1252
4442
1791
5214
4595
4229
3199
3123
6663
7434
9198
7169
3569
6117
3415
8380
8347
3030
3806
1943
8348
4296
9572
8395
7458
3678
6575
4514
2233
5483
8164
1242
9169
7602
2971
7473
3452
4340
8782
3766
8010
3488
351
7823
8439
5068
2562
7938
6801
389
9674
175
4888
830
552
6683
940
7983
7081
8453
6540
7853
5910
9687
1142
9339
4739
8238
6536
2754
8567
1390
9648
4935
9153
8295
7113
5590
8519
547
2460
3062
3854
2461
5539
3950
7685
118
8471
7809
6737
293
4478
4367
606
1332
5629
6571
9035
8271
5400
5537
8943
4885
5279
2007
4217
2447
5762
6595
3289
8480
2945
8269
6035
6227
7571
7918
5154
2726
7492
2253
6087
9166
3299
7829
8594
6489
4385
5734
412
2124
4413
6282
5443
3095
9247
9324
5911
9174
1241
3176
7264
7816
1201
4365
5450
8034
5659
7712
7639
7939
4569
8775
4999
1208
1485
5955
976
567
2074
5986
6936
659
7969
8554
3133
1074
6180
9329
7141
6627
6206
7644
8581
8564
7201
5646
1031
1517
3373
6873
4039
3826
3383
3784
8244
8130
6705
4117
6344
11
1227
6868
3686
9611
4381
4420
4510
3171
4155
3588
9986
2606
3889
955
172
9404
3155
5047
5406
9607
1278
4405
109
4206
1764
649
9820
4472
2594
4068
8236
5124
8389
4921
8123
1219
8120
902
1735
1091
9484
5981
5459
5355
1564
1076
2955
641
3489
3895
7948
6012
6668
742
2744
8482
2873
2446
4536
6860
7366
1990
8556
2259
179
2536
4262
8723
7541
5116
6229
307
1932
8773
3670
574
9988
2191
7402
9425
493
5767
2651
2031
651
4073
6255
8092
8714
3483
3412
3712
7808
5027
6749
5530
3367
6093
4488
8074
5319
4026
2922
4246
7112
2302
4250
9576
2490
782
9894
2629
7147
5711
2898
5885
8520
5848
878
7846
2535
9173
8277
2100
5856
7397
6913
7860
6948
2130
1064
9074
7425
9851
7594
6924
7250
1113
2201
4048
3668
9725
1117
8643
2410
7435
3439
2732
4226
4633
7277
458
998
4609
1124
4023
776
8574
1328
1053
7906
1844
8568
8566
3239
5887
6526
8662
8816
9672
1414
4567
9058
7736
853
467
2641
8558
6462
5056
4372
2295
877
6061
3340
1626
1133
9520
1896
8129
2863
9920
6298
8928
6286
4701
4083
4376
3677
7132
5088
1994
5013
804
783
6134
1238
1467
3753
9125
6319
3727
7817
8487
3515
7767
5916
7928
2001
4710
5860
594
5897
5217
3478
65
8883
8319
2828
1995
2399
2257
3487
4145
9976
6684
2743
5106
6383
7676
5645
946
5716
2940
2984
8721
4338
9653
7299
1417
6280
3932
3671
9479
9950
5818
6589
9210
9773
6099
699
8962
5737
8822
5311
1216
3089
3221
8739
3900
9410
3315
1088
7082
2029
8477
212
4974
6764
707
9760
4909
825
8515
2235
2472
5636
7819
7672
1675
8508
7176
1049
3639
602
5876
9069
2034
911
2598
4447
5186
1827
6796
8738
2678
8812
8848
513
1418
6040
5757
2646
1838
5571
168
3617
1835
5829
6677
3261
9608
6503
2739
3028
1353
8298
7463
9551
8011
1843
5177
4460
5759
6722
3863
1563
208
4509
5280
4483
861
2649
3870
6373
9546
2758
5432
4954
1536
8705
5199
1357
140
5507
2605
5634
9810
1589
4704
8144
5722
9225
5600
8026
9345
8690
9799
5821
2767
2818
5783
9406
1815
6237
4531
4496
8016
9548
7894
2836
9213
7824
6207
7763
7784
7601
664
2854
1041
7140
1746
5519
9228
3057
4100
4787
6697
3798
8837
4917
3553
7384
3935
4430
1355
4453
1807
9705
110
6790
8068
4021
432
3842
1770
8823
4481
2986
2983
5209
856
2691
3198
2320
6479
4559
585
4202
716
823
6457
2220
8852
267
7008
5255
3914
6508
5329
6564
66
9471
1679
9026
8258
8897
7079
2344
9650
2363
9624
3405
4401
4185
3667
758
6350
3913
9163
464
6743
2450
5419
8811
9750
7522
3558
111
8576
8582
7884
4301
1864
7955
5213
6332
8882
5799
2083
3200
9746
2753
5362
1542
5125
6235
2575
9836
2538
6746
9067
1115
4682
8615
923
8510
4051
9873
3431
2364
2508
7379
870
8631
5925
9683
121
2299
5677
2347
9869
8379
7447
3972
6483
2748
2290
2126
5309
6969
3356
969
130
9709
4360
4334
8303
2780
6060
9095
2012
3682
6612
4119
506
9081
6721
6552
7605
8199
1672
4432
6268
6984
954
6123
8194
7673
5643
1572
142
4454
4601
5513
3019
9432
6381
3292
9827
4017
8499
8342
1748
4870
3622
7072
4186
1538
9211
4054
6688
4852
5349
6407
6476
4937
5049
4382
3631
6806
404
1659
6929
2856
7659
8977
1919
897
4865
1596
4820
734
3218
9618
9086
4323
4642
3651
4417
7095
3544
640
2585
2864
2487
6976
7267
8533
3844
1102
5330
8300
4195
3404
4380
8536
5724
7590
8635
737
5079
3611
7864
246
5527
7687
3582
3343
7525
155
6233
2994
7506
1339
4071
3398
7832
2208
6217
6586
9291
9021
4211
3104
1800
536
5123
4075
206
3333
6000
1678
4906
4611
427
1901
803
8696
44
6519
7593
127
4271
1092
2608
3233
1603
6391
2231
8357
9562
3885
59
5261
9098
8719
8149
3142
5210
9287
5057
7944
7149
8114
9323
9158
7723
221
9416
2936
3131
7670
4585
5416
5574
5927
9695
9752
6160
4278
901
9846
79
7862
6183
46
6419
6379
6275
4072
476
5021
2330
8076
2448
1176
5754
3440
5735
1324
4548
1518
2050
5787
2018
6228
1586
8601
2591
4912
188
6335
6170
5390
757
5988
1781
6509
3763
2114
873
4106
906
81
8725
1271
2519
7040
5145
8720
5926
9039
3184
8363
5979
7576
282
2047
4853
2874
7973
2684
83
1941
917
9259
2380
1327
9470
7474
264
802
6563
8842
3603
9689
6465
1207
7429
9588
7563
5631
3082
3090
530
9265
3643
3045
5489
9441
9952
7187
1460
4053
1976
8469
773
4838
1185
840
394
9275
4728
1720
9229
6401
9391
6186
7415
2993
3661
5546
6062
6777
4099
1173
9117
4298
672
8940
1380
8799
5784
229
334
8674
9946
2298
4651
8030
4542
7995
7581
2615
9468
5765
4326
478
3268
8296
9543
8861
2473
6603
9586
6573
5315
6947
5179
8569
8873
1003
6021
3248
6675
5751
2017
1895
2089
2707
8904
3979
8718
3834
3352
2998
4318
4448
2323
3316
8405
5215
7467
5499
4511
4952
7559
5058
3579
3948
5610
9437
9246
257
767
3958
2563
5626
1453
1002
4554
5990
1398
7711
7183
1772
1790
7907
2564
1993
1765
9322
3000
2593
7099
7583
520
7607
8364
2579
9217
4524
639
1128
9288
160
4179
3308
8646
7789
2405
5536
2309
8406
1346
9801
4692
5812
6919
7133
1293
6258
2261
4753
6949
4615
1225
7544
5704
1825
3818
1588
2327
8165
824
2802
6995
2589
4146
2747
397
8638
3446
24
5892
7591
9248
2903
9831
3450
3154
4700
6403
8032
9305
7578
5871
5994
9503
3125
8401
5809
6365
1541
4495
9002
5714
4484
4187
893
671
9190
3793
5893
6922
3760
1973
4307
8657
1264
1532
4490
9303
2541
6113
2177
8772
7472
3915
2995
1210
1914
7292
9218
3325
8234
9665
7696
2513
2821
9891
4090
4364
6456
5352
9127
6338
1239
3954
9118
5851
9456
8551
6706
50
7499
3470
6516
6490
1489
7989
1125
4532
8903
6511
9497
1349
5119
376
2187
2052
9853
9209
7154
96
539
3612
1206
5409
6491
5223
5830
3984
6317
5014
7863
5508
3287
4783
6412
7422
9452
2512
2783
7870
3821
4205
6247
7840
6957
7561
3444
1079
7755
1065
4714
4811
9178
8998
2111
7901
2056
7570
2304
6397
5269
4781
864
4555
2326
5230
1880
1881
2862
8402
8313
4227
794
593
7660
6568
6655
8196
9325
3166
3229
4539
2941
8326
8435
4354
4743
8969
4705
5098
890
3085
2106
5234
4441
5376
3713
5164
7495
1087
3926
4526
6847
9467
8999
9808
4894
3230
213
4356
5715
2797
3006
3173
4666
6744
6188
9757
6387
1741
7126
4597
1792
3993
2091
605
1445
1848
2647
9250
4105
8044
8494
6145
5425
5666
4395
9833
2199
8941
1322
1470
5584
8971
3148
1795
1953
8023
8877
1379
1310
6413
8797
3140
2403
6903
1317
243
8597
2372
2671
6600
8841
7715
1576
8697
1449
2698
6712
9268
3988
7270
4638
6316
6566
4869
5789
9380
9139
3626
5226
834
9000
9085
7235
407
2329
7878
8330
1663
5107
2280
6441
8113
3637
9829
2429
832
5290
9007
310
4759
9457
7668
2730
8694
3959
2227
1686
357
3144
7038
5438
620
9765
2048
4084
5710
1004
4328
6195
9255
2823
2263
1983
2044
3580
6513
5272
1869
7653
2394
7539
7441
1037
3987
2440
3556
3445
9898
908
8589
3267
5778
652
4583
8332
9143
6086
7086
7104
7744
5384
1397
1643
5346
8250
1356
7274
7049
5239
8097
2348
6730
7540
3397
2595
2331
6673
5688
2413
9882
9482
9121
7502
2775
3539
8082
36
5211
6152
3886
9064
6415
1855
1273
2596
7992
9114
3992
3027
5831
5877
2902
3704
3731
6215
9492
8959
1934
4603
5229
3044
7678
9377
8102
9477
9455
4582
8433
3789
3848
8678
9018
5514
7186
9703
2036
6783
8001
2155
1107
4658
3925
899
2842
982
4662
1707
3463
4294
406
8251
129
6904
7628
8613
793
3359
710
6096
5494
6055
8235
4351
925
6687
2078
781
6045
1705
5339
1009
1640
3174
3250
3437
1985
9223
5212
6252
6521
126
9663
8836
2638
987
3363
3338
7354
7845
2577
7156
5074
9640
6084
7926
7200
2697
5169
1254
1300
3135
6842
2502
5060
311
5274
7220
9704
2035
7269
7377
8912
8072
3309
3293
6895
7
525
4207
9537
4407
202
2492
6276
2779
5958
3161
942
1893
5299
2916
4342
9788
4867
6323
5377
1701
1547
3778
2792
5575
7573
1860
4253
4775
459
29
2408
1948
137
5410
2402
1936
5779
1811
7223
8418
1777
400
6709
9232
3479
1842
4901
19
8159
6629
4936
3297
6029
7649
8278
871
9334
2800
733
5793
8669
6428
9099
5855
1793
9590
1232
915
2662
6685
4671
5905
3288
6445
3983
6736
9176
1594
6023
48
7681
4257
387
2660
9721
6426
5538
7331
10
8790
6778
6579
7574
2801
2040
4427
1372
2565
3685
5987
2887
9744
1850
84
3037
7212
7625
1991
3541
9045
1249
1996
9042
5008
7195
4493
5800
2147
5037
4044
3664
6139
3893
143
9052
8261
4556
648
1262
5853
2384
5066
315
4041
314
259
8996
1331
4049
8760
9739
778
195
6967
6613
3711
790
6232
1706
6588
1753
2670
5960
6620
7428
3335
5118
6050
7505
2414
2085
2497
7178
4745
9369
9957
8112
7307
8987
4716
2719
869
3189
9731
3324
6998
5642
4502
6304
6739
2735
251
8024
7257
9393
6560
9038
9858
5889
4549
3474
7765
2275
9024
352
8352
4277
7098
2186
1161
5411
6928
9638
5766
6792
5805
2561
6464
1666
2314
7361
5771
2486
8814
8728
9070
1086
5200
165
953
5618
2305
5258
2560
4252
6996
8376
1400
1634
3837
100
6002
1551
6222
6696
6314
5484
686
3907
6092
1014
3810
3523
3001
5380
1808
18
2391
8191
9755
9371
6596
3255
9235
7078
3232
7675
763
4189
4557
2366
9632
9708
1180
6243
1384
3725
2907
6999
9530
6065
7558
1726
801
9740
9532
3866
4533
1797
1940
2587
1782
4562
5520
9547
115
1158
2303
2398
1920
2518
7952
912
4855
6549
5070
5304
2791
3749
1816
5431
5422
3225
6429
2664
1479
2571
2840
3912
5113
425
4177
5807
1578
8103
2848
6355
2215
7526
6829
8831
9910
5997
7536
5919
6561
3879
7949
9439
7872
6019
1005
2128
2066
2179
3688
1599
7300
5940
7993
2228
5144
9134
3428
7128
663
8441
9033
2644
542
7443
5549
497
3968
5591
7244
8017
5922
7837
7334
336
4316
5285
23
3081
2094
183
1778
2528
2679
6431
6649
7380
1365
4958
6548
1543
4324
2583
3038
5524
2210
7721
3002
8713
7883
3707
61
2433
6605
4656
8101
1150
3265
6750
4176
5864
8736
1569
5479
8706
8661
6837
5907
1970
8272
5518
597
8788
5185
3969
6950
7087
9747
1011
6108
2962
6158
9545
4268
8840
3715
1647
6406
3642
8449
1935
415
1279
656
122
320
3869
6263
1677
6033
2470
7812
8918
3616
7445
7111
5768
3927
5701
3955
1755
6621
1084
8884
882
8937
3187
8896
7527
2884
8604
152
8967
9712
5277
1963
4337
9362
9144
9635
2815
280
3295
679
3669
9597
1718
6430
6044
6011
5583
3658
1098
2176
3070
2488
9358
2515
8267
9670
1500
9289
6404
3143
7052
7873
2192
4698
505
3839
8750
3716
2308
4047
6179
2550
9162
1476
3393
5470
196
5790
5342
1495
4499
9538
8115
1617
1100
1156
2569
7654
4942
1613
566
2157
5195
1645
3494
3794
6857
7413
9960
7479
2805
3052
9956
6530
7651
3775
1230
8145
9817
921
7003
6921
6531
4570
936
2866
7637
4424
3698
3243
9338
4350
7704
7655
854
1143
1575
6270
600
7849
260
2351
7608
6067
9785
9961
3683
9983
1022
1898
1888
5190
6385
8315
4623
774
6828
1416
1140
7757
9954
6496
2632
9513
9308
8644
5661
4537
2917
9567
3609
2462
660
6538
6877
9974
5731
7545
6449
5091
5327
301
9062
9600
7259
5387
2198
4079
8707
822
4812
5700
5480
533
7728
3552
8622
370
6005
7355
3235
5875
2721
3041
4626
4240
2419
8399
7703
4964
989
5017
9561
5222
4220
2196
7791
1544
4987
5232
7786
7047
7624
7866
7120
9673
9815
8432
5270
4854
9193
7760
4767
8995
784
2690
6701
4565
5992
9536
6318
3751
3509
1307
8175
2256
6500
7882
2957
6320
2942
4586
2527
532
4193
8333
8853
3464
9759
2614
480
3876
1172
6827
2567
4919
5378
6223
6970
8793
1258
9659
5143
6690
1966
6923
6133
6665
2495
8755
2883
8459
7919
6958
7868
2725
3379
3202
4078
8858
3920
7691
159
9751
8687
7622
918
7674
1574
9047
5954
9212
570
6551
2149
6389
2625
6339
1665
3586
3748
3970
5468
5776
2925
8256
4754
8141
123
2250
9644
3490
9581
4965
8625
6047
2340
2968
3350
3619
6986
349
4180
9092
9793
7606
3063
8264
2113
6814
4800
3945
612
5012
8753
439
6204
5995
6779
4690
1917
3799
647
7528
3695
2976
6124
6424
8612
8478
2557
1872
5045
9595
2674
3944
8620
6565
8516
3409
8927
4139
7667
5135
1615
973
5991
4931
3508
4332
3419
2489
272
7640
8660
4443
2291
3701
2573
9713
7797
7916
702
5287
7209
7779
8132
4310
9087
7717
9587
1308
8455
5423
3023
6767
5804
164
615
6577
1422
9384
1969
8334
6831
148
8273
3574
3568
2645
5061
6968
1760
8385
2332
182
4634
5586
4890
5695
8446
3327
4571
3303
8247
5286
6572
1534
9901
3160
6472
2733
9699
6016
5414
534
2084
102
4969
9091
5637
7874
6439
5208
4459
8045
306
5652
764
6142
8458
3275
2390
1527
6523
2065
8090
3084
3501
9980
3752
7480
9277
5654
3937
2178
1290
5205
5289
7647
7320
7251
909
1234
342
30
3137
7296
2079
2069
1822
2088
4012
4880
3345
8320
7524
9285
874
3384
2718
7915
4827
6941
7752
8340
4464
420
8535
3850
523
7657
2652
9660
236
274
3366
1998
1309
2626
643
5417
7743
7931
6393
2694
7739
3192
1245
2514
2213
9880
6378
1658
2982
2024
631
9661
2617
9333
2809
7025
5603
6542
258
6063
8509
1937
5496
5640
9011
8771
3096
5681
7275
2221
6636
6824
9742
7631
4780
2635
6348
2041
7977
4886
2526
7389
6469
9943
9200
9678
8270
4851
9187
8925
7042
9819
339
2367
7898
7957
5505
3961
970
833
7661
8171
8682
9336
3167
4955
4801
3902
6208
6694
548
9141
9299
7306
117
4857
3755
4830
1731
7796
4024
4223
1274
7734
9884
9778
71
738
8186
2835
4280
8228
3819
4215
4319
8953
6037
2953
3771
6478
401
6729
9430
6085
7887
3938
8984
1847
1492
3627
112
2219
5421
8815
3306
3628
2082
8329
8263
9423
7139
7396
3986
3867
2289
8179
2544
9668
7929
9016
2531
6507
1269
8688
4370
7107
5052
4840
1664
6072
1655
1676
3708
6988
7278
1984
8683
7080
6074
8550
6897
3648
9188
499
7652
6731
6506
5353
9017
9431
9066
4115
7680
3280
8970
4154
7466
3772
6007
1316
9399
6787
8465
6272
9935
3897
7730
1958
591
9003
6853
2765
3326
1358
8777
7130
1496
35
350
5465
9710
787
90
1299
2627
3566
7404
9084
207
4120
5087
8224
5961
2838
1505
6640
9390
3813
8724
4116
4466
5488
9837
7403
5001
1342
2520
3846
7482
9906
2101
7471
8217
8560
5786
7847
6841
3223
9507
9395
1622
7254
2046
5447
1155
6410
5150
1336
3330
361
6159
4624
4137
6471
1700
5543
5371
5033
3571
7438
2803
6759
2931
7569
1866
8397
4920
2057
8252
6076
7332
8898
700
2214
6068
3732
6543
8285
9271
5749
4504
4087
1114
9160
7175
7393
4508
7142
2258
2558
9655
6587
6965
8768
2720
6771
6880
6952
2122
968
7102
67
8371
3182
371
2685
1231
1597
6277
8740
6091
154
2654
5030
535
9764
2717
1960
876
9730
8776
4944
5133
9913
5863
4950
7741
8650
2672
5044
8979
1288
1024
6136
1043
4135
8966
4152
4151
1618
9972
8911
681
101
5528
7174
1636
1639
694
4520
8302
5184
6259
5043
7158
3368
292
3056
6193
7600
332
4563
1537
1671
3468
1612
6811
2932
4181
4553
6885
2400
5404
7406
8161
3536
4960
1281
2174
503
6618
5553
8292
9732
3321
2325
3510
4096
303
6336
3565
1409
3372
2910
751
1048
5085
4544
8275
8075
8119
8025
4902
6861
3271
934
2093
8968
6262
3835
5243
3874
4877
4814
5281
1229
8143
3216
3083
7669
2454
9982
1683
7423
8503
5473
4550
8531
978
4479
3323
4468
9447
1620
5970
2904
7762
866
7722
9065
4341
8404
8060
5899
8429
9242
7897
3370
5009
9977
3215
3689
1267
2452
2997
8331
9782
1386
4477
625
1464
9449
6578
9189
8447
8485
9854
7310
8350
6867
9578
269
2297
6485
2969
7844
8311
483
7026
2946
9156
8733
9077
4785
7998
7303
7994
4938
5611
9298
2919
1480
3252
3282
4306
805
2673
8396
150
8213
2397
7189
2807
2582
9059
4092
7315
3491
4862
5708
9167
1611
2516
860
2474
6830
1736
7374
2026
5398
2741
6470
8316
2681
2335
5983
7638
8262
9521
2117
5298
7787
70
5968
5791
6715
5429
327
1695
288
2248
8845
3226
2702
6080
8006
814
8299
5448
2960
3094
1127
7370
2496
5609
3099
2246
7407
6330
8398
4724
6797
4305
40
5364
6512
8052
2112
3758
6199
9908
4057
402
2003
4932
7448
6114
4392
3741
937
4063
2870
6218
5357
7409
7290
4188
3055
7228
8732
3777
6786
4158
6309
5054
3815
4522
3357
1549
4984
4292
4547
9394
907
5396
3894
4828
4771
6149
5748
7483
7663
629
7902
2465
6311
9365
7633
7272
52
2374
8003
1130
1347
9474
284
6177
731
2491
6855
971
8254
2553
8817
1947
8452
3294
3108
5095
7150
6497
1918
2352
6305
6363
5760
4683
8664
3765
744
6541
393
9743
7046
6106
835
3211
3783
452
611
6494
3204
4434
827
8308
7620
5617
1529
1246
9170
9591
218
5160
6935
5238
5712
6028
8107
1329
5560
55
5909
2688
5788
979
5730
9877
4260
4687
2924
4452
8037
6742
5810
7096
8225
6776
6164
7177
5881
6057
7122
4751
7978
1381
7490
8673
5669
6955
242
8798
4237
5328
8046
6888
9116
5655
4239
4672
815
4685
8339
1600
7103
9108
5358
6646
3193
9109
6250
177
4689
500
6390
6405
8486
5573
4148
723
9157
4819
1439
972
3830
2105
1691
6875
9766
330
9429
3237
6810
6004
1606
884
5844
5579
750
80
2555
4773
5723
4010
1912
240
5231
3097
261
26
2378
5890
9261
9727
7266
181
3127
6289
7279
3120
4228
8106
608
7217
366
8976
2878
5463
2381
5141
703
2716
2355
9473
4928
5228
2709
2296
8717
5341
6026
6148
9004
7776
4534
3453
4643
9286
8704
9046
3921
2453
1558
8518
8058
5515
8095
8926
8603
8628
9421
3672
1583
1530
6883
9402
9442
8337
1585
8042
5693
4688
8283
2794
3833
3602
9313
6836
9912
9318
8630
4910
1824
6334
8207
2459
3981
8382
8472
1304
4431
502
5435
5389
8948
9995
4617
5682
7716
6562
4309
7724
4077
1513
2393
1101
1447
5337
7523
5303
3433
2014
3636
1431
892
9097
9602
4523
2814
6073
1928
6973
8592
5717
446
5075
2080
2022
7627
5372
2628
4813
6915
2602
6281
2076
4907
6256
5597
7597
386
2921
8685
7000
7311
6342
8580
7165
9890
1170
2926
2851
1580
4343
9107
896
7496
1426
1977
8409
8963
9149
2713
6079
1094
8167
4948
8807
842
2631
8785
5175
2935
4266
235
5112
6306
3797
6294
6780
2827
1831
6520
8794
9227
3823
9697
2852
8849
2067
4064
7261
7457
2030
9745
9500
1570
1851
5180
1802
8735
5325
9984
2795
560
4164
6048
2181
8935
8100
8216
6757
2763
3080
430
2232
610
6758
5050
1833
9658
6143
3762
4573
2666
9871
6066
7836
2881
8098
9119
2774
8729
4837
2375
7719
3462
2359
8466
1247
2055
9700
7260
7725
1314
7386
2416
3314
5428
8692
3103
8730
2382
2099
9080
9965
194
5089
9762
6425
2287
5664
8454
7365
3408
9135
7262
2782
627
6458
3208
6710
1715
9694
5525
5015
1277
8183
6161
7236
7337
9971
3307
5901
9919
8947
6590
2742
6813
4994
2574
8680
5902
8906
1708
7642
1497
8328
960
4757
6102
9075
9838
661
8124
3147
3485
7804
3388
2279
1801
3074
9111
7613
7731
426
6369
4806
1051
3302
3792
8085
4366
9221
8686
6448
3014
8774
4435
7207
9948
4317
479
7900
2786
5318
1054
4261
8289
8532
6938
3253
2808
6356
5900
6182
2189
3207
5500
3251
7121
6129
5025
8152
6650
1904
190
1897
1837
3928
5090
4961
5359
9448
3942
3522
1627
2338
451
5594
2090
6436
6131
6911
9533
6322
8872
2906
1913
5029
2604
816
964
6547
3511
6626
6103
9307
4411
7336
3493
7028
6909
2159
4686
2144
356
9949
7151
5121
6461
5898
7911
4578
5534
2190
5592
3659
3066
3422
9234
6583
4679
2623
9864
1224
3744
3726
1487
7501
5839
9013
603
2540
8005
2322
7247
1722
5602
5847
6279
1233
1392
7005
9495
4302
5777
2016
9601
9990
6481
6225
3469
770
1894
78
2162
9889
8286
17
3795
6699
6278
2274
8860
3172
6147
811
3406
796
572
1906
3376
4657
4793
888
1149
3396
7962
1852
2869
2812
4000
9197
1078
5403
1359
2445
7913
2657
9272
4052
3152
2439
5393
4934
1429
1312
2529
5921
4973
4085
2206
3418
819
3861
2277
2283
2151
3362
2485
3353
1044
2350
6128
8009
1667
162
1007
7424
9909
6991
732
538
5187
4133
1776
3750
2669
7609
4677
6925
4995
9580
5774
5155
421
3647
3706
7340
9282
6025
5580
7940
581
4918
1751
9314
5544
7385
9475
1849
8902
6292
5458
3059
440
1095
1298
1754
2086
3825
3034
484
8229
9434
5331
9669
865
3623
105
3836
9677
3417
3361
4629
5003
5478
7097
7258
1059
5770
6313
7418
8096
5691
9280
403
9112
1724
9401
5397
3939
3391
8390
1799
7064
4104
9688
3561
1950
3222
9419
6977
6082
6679
4500
8555
6869
4763
3296
6141
9686
754
2551
4344
4241
8053
2992
5386
7975
3414
5980
8511
9293
7694
6446
7487
9304
6480
8188
3562
6070
1775
6926
8253
2937
9991
3759
9775
3781
7748
5474
1550
3851
7959
4631
2537
886
9375
9855
4281
576
9076
2501
1052
5648
8412
498
4731
77
7144
6769
9845
5317
4248
2023
4111
9486
7551
8623
5348
7118
8307
5053
5802
7027
9951
5071
2964
3009
5148
662
4030
1430
7199
2203
3102
848
1042
5227
7432
3660
5491
4110
7942
6362
3805
3413
6495
555
1164
4242
6702
3434
2211
1408
3209
7007
2406
1882
1832
9539
780
695
6157
5019
959
1553
9253
1806
1466
9373
3016
8280
829
2251
69
5115
4823
3779
1012
5335
227
6340
9130
3064
2961
8617
2740
8158
7405
3594
8388
1745
3650
8813
6788
2064
6300
8982
1587
1730
8362
9603
4136
5340
674
5978
704
9723
762
6098
9364
3575
2734
2663
6899
158
7839
8880
3690
4300
5191
8879
1038
6345
4433
2510
3952
9128
1502
929
139
7986
8761
7932
6907
5065
4527
5147
1237
7921
4691
93
9051
367
2006
4821
5064
209
6990
8189
6454
5424
2000
6234
8440
7610
9028
3868
628
4204
3769
1593
3224
6438
9349
3086
3600
2388
3329
343
858
6845
4283
2757
5616
2676
8596
9967
7308
1452
7202
5999
5035
4415
622
6753
3640
7399
6049
5565
9505
7666
7507
9096
6794
2432
4653
6140
2650
492
5615
6652
9306
7287
344
2868
7858
4592
7682
9034
3312
6105
677
2824
7129
85
1036
9191
1979
8830
2019
7535
8126
7857
2316
3242
2116
632
6617
8611
2009
9196
3906
8484
7953
9564
8125
9078
5593
4219
551
9963
1013
6680
2552
5020
9589
6689
3105
3341
1952
4864
3116
5888
6959
7239
3929
3395
9942
2696
436
5801
9264
4670
2226
8444
7976
9115
5136
1136
1945
8121
1488
9627
2118
1334
7820
6366
1992
6917
5249
434
7889
7420
8606
326
5874
3531
5302
8391
8964
8456
6209
2123
253
2930
309
5552
3385
3849
6979
5834
7043
3039
4173
9921
9001
8241
86
226
4647
1540
6726
8770
7117
1082
6537
4020
1141
3875
9019
9621
3277
6785
3466
7970
2546
1189
9987
5312
372
3358
8324
9792
1682
5857
9928
8318
1956
8997
3605
6353
8105
8077
2498
273
7455
8351
786
9922
8887
6284
7802
2401
9348
6346
6220
2333
8701
1601
8665
1096
2619
318
9932
4871
713
3336
4713
6805
7083
8416
2265
8180
9714
3614
4645
7709
2943
4596
4706
7410
7062
8018
2706
9662
1915
8584
9060
6274
8443
556
2534
6775
6946
2894
2886
2787
116
8990
4362
8419
7459
5471
3219
1085
5752
3346
8960
103
6594
4622
9356
3011
4397
2844
4740
9633
6905
7626
462
9216
7497
8808
6417
8312
4149
696
4192
524
9061
7798
176
6245
1265
3331
308
9040
2386
6599
4070
6088
2703
8137
5984
4730
6437
935
4725
8804
3188
3313
2570
8013
1861
3269
6866
8007
1301
2426
522
4384
2133
1490
443
4371
553
7341
9105
9266
6130
1152
9563
3430
5103
7811
5267
192
8227
5638
9899
4391
4403
2358
4939
7521
5942
6420
1001
2900
3526
8994
599
5965
4543
4243
4497
6654
9779
7753
7991
9962
6644
6535
4124
6038
6440
3872
1321
5453
2682
358
5891
4143
9269
4723
1410
2143
1204
4168
6791
5241
4269
6246
5576
4835
1555
985
7263
3498
7109
2354
1188
296
7197
3860
6111
1552
5674
7205
720
1033
9822
3578
6474
9337
9295
1240
9136
6793
1174
748
722
1305
6239
1318
6859
3655
584
4874
2043
6226
4799
4933
1132
6083
8846
1763
9224
1333
7343
89
1023
4707
391
6918
4610
248
9110
7225
7089
8219
133
6321
1198
9440
5781
7088
512
951
3905
6014
1582
3641
1026
3560
7769
5769
1126
6118
2417
7006
7372
1199
9385
4892
1442
9071
2889
494
8039
7145
5259
8133
9592
2556
9643
531
7131
6210
8659
4985
7166
1573
1630
8950
6592
3351
798
6502
6371
466
254
2549
8000
8715
9263
9204
1215
875
2185
8428
9888
6816
178
2171
2160
1955
1863
4416
9182
7045
4363
2168
2244
7138
2301
9206
4778
7322
5596
6382
2415
1818
1383
2479
8767
4566
7893
5935
1077
1874
4922
3883
7464
8288
5201
9481
1433
9565
6054
5797
5117
3546
8169
7477
3029
1289
3613
2611
9273
9332
6395
2097
5870
8020
6041
5883
1942
5920
6119
4833
1070
4089
2336
3305
1060
2914
7373
1887
6556
6505
5867
8742
6795
4506
7243
2905
3092
8344
5692
8677
1272
7987
380
6872
4558
8895
4834
2749
495
3754
9236
2981
9407
2559
7756
3031
6089
2028
9654
4560
3620
5042
2790
509
544
9857
8642
844
3284
470
3424
7017
8870
2356
3537
8104
5073
7980
6154
7282
7852
938
1870
6691
7554
461
9321
582
9459
3012
1561
5743
7658
2062
8374
7764
5452
7803
3298
6418
8952
263
8035
5671
2951
799
4311
3624
3803
3420
1423
6241
3812
9244
4982
9382
5951
8907
6870
4727
2759
2843
2002
9848
655
317
5242
5492
642
4293
5846
4505
5826
7958
8209
4190
216
136
8414
1213
958
4996
1504
3881
8983
4157
1846
1330
7411
161
6202
1523
485
1217
3451
9944
2115
1015
5220
5827
2037
6191
381
237
2285
2876
8910
8645
5622
4632
1203
7172
8616
9516
2072
1946
7772
1181
6024
7794
7700
144
6956
8754
7514
7193
9811
9465
1804
7153
4695
5366
6176
5114
7036
3475
5297
2396
1773
3153
7059
8876
8800
4792
2321
6358
785
2188
6518
8450
4487
375
9179
8265
9015
719
2154
519
6493
2566
9887
3545
8900
4744
4669
7163
32
8345
4732
54
5503
6351
4625
5288
5282
4183
2584
6931
7066
5582
9276
3457
8981
7596
2306
7357
9947
8684
7770
4896
3502
3365
2141
5306
8905
4249
7173
4675
2770
6703
2860
3360
8403
9527
1448
2104
4635
9701
8002
6660
1709
5772
8658
5016
4711
837
1619
607
9698
9274
5430
1440
1257
7707
730
3638
8027
8626
9215
1819
4028
1073
578
4414
5660
2609
8146
1933
9680
5521
8182
13
3518
8544
4581
5709
5581
4128
1638
9975
5941
9374
4258
3410
670
8702
4141
7136
1020
9679
4856
6173
1222
898
3459
2867
3344
8866
5055
4428
1662
880
7359
4568
1826
1546
1794
2292
16
1930
2908
76
1266
8201
5628
2229
8703
1739
5300
5284
4374
7904
5918
543
8370
7708
4674
1756
3374
9199
6894
9463
4267
2841
2021
9931
5843
8394
9883
587
8651
8637
6832
1016
2728
9531
3590
9029
6190
8157
2712
2421
1867
7125
1845
2777
128
3126
5182
7076
7456
9355
3796
3270
9397
1548
9175
7945
5702
5803
9690
4895
8140
7058
419
6104
3078
7002
9664
4639
2768
7920
962
3017
7782
4717
1595
7339
885
7134
4279
9728
2956
6283
3165
3530
8655
8989
1519
5010
4335
7376
2693
34
5173
5271
1320
7799
5816
5578
1368
588
3965
1836
3608
5026
135
789
5146
2361
2509
3931
6197
7324
546
8400
3827
9257
8408
1714
3570
4733
3564
286
2239
7503
3227
6863
6354
7546
4981
2475
1361
4383
7950
4768
1506
7044
739
8832
3723
658
5122
4980
8803
433
7333
6672
1083
3832
8015
9816
7793
1743
6240
8128
8222
7283
1270
7842
9843
1025
217
1856
2683
1734
7194
6937
7019
5862
7383
3069
6765
3111
3853
9803
5168
9824
4386
6372
1223
7227
1369
1471
2404
1145
4147
33
4641
9005
4247
3484
4455
8863
8470
8548
8410
5705
6920
4082
5663
7127
4774
4818
8375
1354
9400
3015
474
7775
1436
8534
9656
5257
2469
5002
2813
9233
4501
7733
7688
9559
6414
5111
5334
4863
3134
7484
1303
6533
74
6361
3283
3024
6310
3943
5369
9840
1923
5051
8474
9100
4282
1974
2013
2806
9138
5559
3279
3997
2979
2376
4618
6150
1377
788
5392
8559
4593
1883
8029
528
5000
3549
7001
305
7364
5176
8864
7167
7093
145
4291
7440
4640
7356
9557
7595
8922
5127
353
3550
487
219
9251
7344
926
6993
1484
5904
8047
3115
2060
6553
3525
291
4786
2622
8621
99
6273
4882
9165
8985
8004
1761
6416
3962
1167
8049
7475
2427
3601
1767
2637
210
1018
3657
3436
2554
2522
9939
4471
9311
9094
21
9826
6109
7841
2656
4156
3447
4693
1068
2581
5556
2249
1879
9926
3917
8913
5878
6473
1296
8829
741
8562
6972
7699
2752
678
8355
4444
1516
4876
8294
9466
6325
1699
5083
1256
9966
8356
3260
3966
7580
5363
1443
8338
7732
6163
2965
6754
9736
8765
7085
7400
4038
8946
2392
9366
4355
2677
5413
6101
232
8218
6039
1040
3068
6525
1747
6374
7401
163
8789
8944
6772
6584
3757
7304
9968
1344
5446
4175
4736
9113
6257
1481
2107
3882
8231
6377
5254
4929
1728
2222
9994
9231
4409
276
1211
2237
3838
5587
4203
444
3724
5912
3454
9129
9151
5785
9172
9804
8693
7935
1921
5837
7930
6700
8784
2438
114
1071
8192
5101
2893
7182
7848
6714
6889
9230
2701
2183
4729
2834
9842
7516
1785
5684
3471
220
668
6169
3990
5641
3710
7588
4652
1829
4404
4225
3577
6153
4263
3416
7055
3554
5233
2245
1110
4546
4997
189
7237
9331
8050
3328
9207
9101
1535
1868
6682
9860
3847
4777
6181
9828
1621
9037
618
545
7071
7555
692
712
8806
9043
5906
7979
8526
9072
9684
7035
8464
7564
1166
4076
2020
5678
9478
3709
5455
7865
9955
1635
5120
1841
3110
6427
991
7360
3922
8641
3599
3245
7966
7742
2095
7892
1183
984
8166
2343
4163
4594
8747
5944
6201
9316
4412
8131
6326
3347
8358
2781
7146
8752
5245
4027
7636
3050
1685
6288
6001
2478
2938
9281
8036
1885
6450
4644
2760
7444
8172
7325
9120
4516
8634
4235
1859
7450
7510
2132
6267
6745
3654
5599
8609
7387
9596
6198
2586
7508
5170
2204
7917
5989
8600
8561
4004
7298
761
2837
8109
3548
369
8565
6916
1069
8851
7759
5385
6224
8708
724
2658
8786
9526
6396
3217
6398
8220
2588
3168
7735
2861
9368
3206
4518
7867
5418
6821
771
56
5745
8226
4322
1179
7747
6352
3460
8778
879
4943
7414
9903
5040
4992
6058
6433
5041
2612
279
4005
4238
4868
2592
813
3231
6527
4746
8108
8679
5427
5523
8712
2517
5172
1228
2686
999
6046
4348
8871
6648
6651
3963
7984
9771
1
8176
5235
7542
9852
2572
2973
2103
3941
1253
2776
1925
6823
8442
3071
3559
3348
3389
2425
6475
5795
1783
2661
9902
8835
7650
4032
7433
7358
8301
5069
8570
9693
233
3339
8372
9800
7565
5819
2430
321
3831
2385
8951
7048
7363
9879
4126
3788
867
5128
3633
3480
1056
5667
9729
4975
5263
4108
1378
4325
7800
4606
8274
8888
4461
517
7614
8293
4031
5506
6585
3496
4709
1717
743
7656
7768
6846
5457
4535
3722
7534
1524
3629
8769
6435
1367
2630
772
3817
37
1988
7057
9054
8181
9388
3693
9025
1283
7291
5945
6558
4045
9055
6740
49
4297
4694
624
5728
8117
7018
2102
6661
4295
2197
749
3093
2467
6622
3117
266
777
7557
7881
2978
9924
2850
4213
490
9573
7218
9806
8521
7216
7030
1697
3940
4528
7039
7493
3995
5675
7879
1840
8632
809
7498
8420
1498
1302
1702
2871
9881
4619
8368
3500
3506
8093
7634
3075
3934
191
9523
3597
7157
5332
1099
3505
5193
9241
9020
7632
3820
857
7710
6784
4101
5554
2173
1343
1047
4923
5894
5719
6546
697
166
4221
1391
7999
5388
2032
5206
9724
6341
685
9049
9461
8668
481
9186
2845
966
2131
3581
9770
7855
4591
914
957
347
47
1326
9629
1122
3808
8819
5062
6835
6580
7702
4971
4025
9830
3589
1796
3286
2145
125
2156
4712
669
2773
2434
9992
1458
146
1581
838
2817
3157
9192
568
7941
1437
9053
441
589
2909
4552
7314
6370
3737
2437
4540
2207
8190
5950
8942
4620
1294
7623
20
5624
1633
9133
4446
9630
3684
3076
5301
2164
53
28
8826
3665
465
7877
5868
409
328
8377
8204
3644
360
2668
5343
5344
9733
5467
8801
9490
992
8577
9620
5162
1598
7224
4970
8237
408
3355
201
9006
456
910
7951
4959
2639
1385
8541
9443
4831
8361
3240
3702
932
4230
592
185
5679
9835
1899
7124
2334
1134
3802
3276
3742
7301
800
7618
5962
2230
4924
2859
711
299
4810
4425
4525
5649
3051
7034
9201
1652
9347
5948
5982
1710
1892
8147
8901
8529
1209
4450
8759
7875
9832
8741
3180
1473
3591
5110
1454
2633
9999
8653
3930
1146
3996
9185
3877
5946
3809
9631
1162
2255
9270
8091
1744
3136
9122
5006
5585
930
9411
1780
1194
9328
388
7029
2675
9540
6175
5046
5477
3048
2108
1373
2166
8423
8245
4574
8463
7253
5969
3645
6499
5464
1591
558
7375
5138
9090
6042
316
7552
7368
1886
268
9777
3974
8139
4978
7520
7937
5993
7305
7453
9389
5840
3878
3903
9612
5650
571
6291
1889
9959
6727
4013
428
2266
8111
1030
3257
3528
9937
5656
5157
63
5059
9168
9254
8917
6482
9522
8392
124
9874
6611
2262
4091
8373
6945
4561
2975
2293
6718
3203
2832
8783
4098
1191
4036
4607
9936
5606
8607
2597
8993
5370
6581
6115
2576
8792
2049
3175
4353
8748
9605
3521
5517
8089
3378
341
9619
7221
6375
4697
2468
5939
8954
4034
2240
5139
9220
8676
7280
6713
2952
7033
422
4265
1499
435
6168
3058
1964
3072
4804
9970
4418
108
4251
7686
337
1501
7419
6367
58
8221
2420
705
3304
3653
2217
25
2482
9444
6641
2912
3630
7232
2313
9360
2455
5563
6741
1566
4822
3858
4668
9493
9796
4798
2241
4802
319
2610
6214
2525
2772
7500
8833
9767
4327
8
1823
6695
8479
7196
9617
604
7692
3998
4756
4346
4953
7629
4881
1703
7549
4191
9278
6194
3432
7241
3507
4122
5727
3473
2307
6376
5813
4006
6219
7615
5264
6529
8893
2928
1769
1565
3390
4803
5670
8110
9195
2640
6174
6574
564
2436
4990
3801
3524
8524
5032
715
5713
2499
8608
3512
9517
9870
5407
7326
2284
180
1286
8862
5689
7238
8965
5005
5436
9682
4470
7910
5084
7698
9427
3435
7826
1511
9625
2483
4394
4762
1875
8051
5082
1971
967
5048
2778
1610
4748
623
650
8743
1757
7923
6782
4169
5105
3804
7746
841
3060
4848
9510
8675
1786
8475
8957
2746
8426
8854
2877
3967
4210
6943
9579
8198
1472
5923
4951
7398
4926
8436
7859
3739
1522
8885
4927
8249
9031
4649
9875
5694
9722
7737
7067
5680
6834
4254
1624
698
747
3423
2761
1876
919
3088
3994
475
5568
1148
3891
1854
1713
1424
5356
9834
5497
4897
2073
1374
6178
7876
9487
6559
8327
8073
5996
2369
2127
1828
7971
645
6985
7381
5595
9426
6155
9594
8699
9050
6261
2272
2769
6760
7616
3196
8341
6966
613
9989
9938
845
7208
1631
6634
2456
8266
9552
7751
7395
6550
9927
7617
6738
3662
5153
6078
6364
5806
8915
3461
666
5156
8825
3555
8425
507
2939
948
9343
9613
1858
4140
2300
9933
1175
4001
9761
3013
4097
9915
7460
4879
1093
4198
4042
4402
3675
646
3598
9514
1364
6031
6484
7788
1877
9958
4945
740
1050
230
3112
4056
745
7963
5207
6452
8335
7822
3607
5838
8284
1218
6422
9917
5476
9923
8349
9245
222
3999
4741
3401
4718
1661
1131
1280
1362
1758
8648
5501
5248
3916
3098
8583
8084
2985
9726
14
7349
120
792
2170
6632
9438
5607
3855
1910
6800
9342
9876
7465
8473
7068
6327
9812
3035
6287
6528
6820
9159
3214
6517
7738
2974
2135
5625
5703
471
3632
5171
9964
3923
9614
6368
5928
1771
7329
676
8156
398
3008
1981
1890
9652
4983
205
961
3699
9758
8177
3042
1248
82
8287
8844
2950
3375
9789
4602
3091
6357
43
4676
7009
6774
9340
1486
6125
9148
8162
1579
2422
325
6095
7412
6545
7821
283
1411
5018
9312
6071
8809
4375
3573
7835
4580
9861
2136
3824
1944
4661
1559
7116
9569
5412
2053
5815
9428
2729
1186
688
5159
3382
8360
5550
7927
9433
6554
8268
1554
9412
5034
4290
8071
7268
2600
1650
6299
1508
3386
6582
2659
5444
9615
2885
3010
9692
7346
5936
7965
1366
3256
6728
1503
1469
9012
5614
1670
3380
4378
3349
9549
549
1520
5102
779
3274
2172
3113
1857
1388
6127
8689
3736
3003
2225
3065
3486
2731
8992
6399
294
5347
9292
791
5975
3728
5382
3532
8865
6944
1457
5773
2193
2799
5321
5266
214
9379
4129
5251
7348
3079
8666
3663
4797
6798
2990
4197
8336
8306
4858
7861
5487
4161
563
4014
7342
3241
6804
9346
3681
617
5966
9574
3606
7240
2139
1147
3394
3101
6768
9387
5589
8709
6645
6132
1319
7908
3634
1989
8727
9027
7198
9504
5440
504
4913
6
5933
9897
2988
7191
2715
3596
3158
304
8155
5683
8936
2714
6394
3438
2411
1067
4807
1959
5350
3816
7974
1034
5879
4507
3703
1415
9642
8991
4118
7161
7276
7162
8939
6940
4968
4575
8545
3909
945
9243
4989
5194
6732
8572
5104
6056
8248
5739
2771
9279
8197
3587
98
8343
5756
5744
4132
2146
7119
3730
6756
5824
1323
2999
7697
4357
9240
329
8578
2911
5460
9892
851
4663
5929
5092
2944
7369
4199
7754
6205
6997
8276
1159
5221
7330
6400
9715
5461
7683
975
9867
238
9132
4347
5462
6477
2071
3516
7213
2704
2098
9415
1284
3119
5192
2620
8040
91
8062
6974
6879
9361
1656
4817
8498
1081
3890
5952
9918
5561
5485
4667
8586
515
1712
6052
7312
3342
1465
1135
5244
4761
4153
6597
1451
3054
1062
1616
9628
5333
6761
4861
1768
5293
4015
6670
7529
9310
6735
9940
7934
8933
3334
2412
3593
2444
5140
8672
521
8142
7556
312
5510
9140
9014
518
8857
4007
8929
450
4312
7766
7353
6633
1251
8170
997
1789
8543
7246
6230
626
7164
1873
2449
7990
4612
5947
7912
5036
3720
7188
7553
4231
4018
9821
1623
2142
1144
7181
170
3139
1637
6293
6678
7988
1345
4914
3427
3908
4957
2161
7922
5466
3735
1434
4451
8309
9403
637
6244
718
5780
9164
9383
3138
4530
6927
9424
1395
9320
9252
1477
9651
2423
6557
5738
9262
224
1865
3259
383
1063
3118
8467
448
5750
6539
413
8099
1335
1982
2387
2342
5276
3513
2134
7179
1165
7010
8069
8889
3128
1494
1926
2202
9290
1809
7960
6238
4200
5567
905
1255
9794
3563
7515
5531
5823
4628
3443
5865
6933
9509
4196
7256
6015
4127
7378
119
275
8805
73
8054
4400
7662
4962
687
8151
3061
6669
9566
7408
4825
7462
636
6122
9534
7452
2236
4259
7729
12
8716
6850
241
3956
9599
1105
7831
3719
8834
7856
7850
4399
199
6975
9445
3407
2507
147
3592
5775
8923
510
1834
6871
9825
9155
7222
9203
7230
9219
2070
8173
7547
601
7827
9676
8575
9570
4680
9103
453
1562
2015
5454
2218
1000
4102
7577
6003
746
7530
4949
6717
644
9916
2745
7854
554
7273
981
3871
3756
7285
2613
1461
5067
6698
9494
1557
5198
3899
134
9641
1200
850
7727
6619
8512
6468
4055
1740
2286
2119
7284
3734
1192
8557
9353
4735
6843
6018
1243
7362
9667
6980
5509
2195
2804
691
6008
1104
2247
765
7513
1468
3615
6203
4162
5305
3191
1999
8763
8378
5792
7813
665
2636
8353
4915
5917
795
2140
2337
7050
256
4584
6708
7417
7905
5383
1539
2736
6704
9
4766
4058
1830
8573
3729
8670
3621
2310
7155
186
3843
2603
8537
769
9284
6221
9458
7997
1752
4060
4847
1019
4423
3520
5690
5381
7309
8975
9646
7319
8795
7288
5310
8369
2601
1927
1900
3411
7838
8282
22
132
8135
1404
2033
1376
4329
5858
963
4750
1961
8279
9327
8346
6081
4859
894
7335
9184
5974
7690
1821
8208
3705
9645
4142
5313
5294
335
6271
8460
3583
5963
5109
4011
4621
1348
2442
726
417
1694
7069
6781
8304
8552
5577
9542
6747
9945
2892
6421
7509
4273
9363
7004
8698
9681
4445
7271
7575
5456
4113
9073
752
2667
3828
373
4359
3529
4150
374
7152
156
5605
2223
5687
6216
6981
7598
3673
9498
8431
2341
2895
1182
9841
1032
7890
2865
4832
7532
7327
6992
7168
5504
9781
8711
8828
3317
5639
2756
1902
3246
1602
7825
5557
3978
872
8365
1922
169
9152
9584
3989
4103
7446
4903
4721
1396
9330
2158
9925
7352
1420
4839
4699
1184
2137
714
9749
2278
988
6043
1968
2194
1609
5740
7382
5336
2822
4171
4125
1325
7074
5166
1584
1693
9354
4009
7783
7073
8539
255
6707
7773
9606
3272
2539
5007
8148
463
5096
5218
8751
2643
8779
340
4893
6887
5250
9515
3238
9814
3047
3455
1931
3210
7468
5326
8618
4067
1673
4904
7749
831
2311
6196
8787
1340
3814
4313
9341
6515
5698
4134
7909
6625
9142
4314
4665
8043
1716
3254
7914
4194
6534
4439
6858
87
949
2075
8639
9741
2687
580
9319
3924
8909
8859
1939
5320
5361
4608
4330
2182
3213
8749
5292
7599
7891
8448
1891
9997
8972
3694
6639
9030
5758
4449
2722
9359
1058
4272
9706
4842
2958
8022
634
598
7391
5512
2820
630
514
9104
2816
4339
9798
7630
331
8627
416
8506
4588
449
680
7293
1509
7714
4758
9585
2129
1196
6686
9106
5132
2238
5686
5562
2370
6693
3625
7226
7192
2705
3170
277
7345
920
9774
1987
9294
9502
9409
6386
5763
9896
7519
424
5612
6434
5434
4866
944
7084
6719
300
9082
501
9953
442
7693
7013
9146
4551
557
7538
1762
3975
9865
2125
5181
4702
1688
7061
2708
3782
2180
1774
1798
2096
9183
883
5178
5511
2451
1291
843
3557
2738
2853
1750
2152
8239
633
1441
9598
4577
8919
7114
8881
1629
9550
6635
4589
2580
2545
4908
4769
4368
4829
3022
3957
8384
27
9524
9041
1911
1725
8838
4422
2833
7713
8411
95
4572
9998
7094
9462
2624
6069
4
7454
891
3692
7814
3183
1482
8525
6659
5903
1137
9636
9807
338
9079
5658
3896
3195
8323
4043
8134
7777
4377
382
1787
3499
7589
4844
6884
7695
2616
7621
1475
2480
5401
1421
1905
8230
4436
9802
4476
5956
2680
862
1111
7954
5247
4752
2634
635
364
1261
2481
1178
4891
2699
7328
559
2762
9582
6360
8314
9859
3585
6890
6606
5011
5798
3746
8184
7184
5437
6251
1727
7664
3190
1689
2165
9528
5672
5490
2379
187
3691
9454
577
3497
5665
9357
7075
2542
3290
5526
1878
4779
9302
3425
736
573
8949
1577
2493
8886
6555
3856
3281
7143
6254
4094
4086
9637
753
2970
9844
7436
9093
7604
5405
3301
1403
437
1909
9525
3700
9797
4492
9809
3635
1212
173
8571
482
4123
6569
1951
3185
9283
8290
1924
9392
6022
6285
7338
5699
5475
7041
6808
7543
9202
4390
721
5976
2377
2825
6815
1446
4222
8154
4121
6498
3073
4208
354
9911
8031
9083
6165
5796
2723
4654
6666
8501
2209
3791
1729
6187
215
9408
5236
9555
2264
6615
9885
107
1394
6331
4138
5183
8321
2254
5832
496
2109
2339
5426
9556
7851
3371
4201
1680
5078
8540
5949
9089
4791
6912
3845
6328
5825
423
8160
5872
4421
6467
9784
1406
5931
3053
8874
9489
1250
8185
550
4660
5296
6978
9772
8187
8588
4899
5820
2004
2521
8522
4883
6898
5379
5540
8083
5973
3263
4033
234
4037
8908
5278
3021
6822
6051
6809
410
6544
846
7021
8647
1687
9476
3852
72
9137
1341
9483
1455
7180
8579
889
6486
3026
6623
7371
4599
4457
9326
9696
8890
3007
4742
4088
7896
9756
1072
1315
9056
7015
392
104
3114
1657
3911
9422
2826
9969
9511
9823
3960
863
3933
488
7491
1642
7105
4016
5253
8305
2087
6451
4410
68
6269
4648
8930
7214
3547
7537
270
6876
3107
941
5252
4988
1521
6107
1425
491
8310
3145
2365
7517
9929
2138
8215
9469
939
9381
839
2788
6878
6510
9666
473
5394
4299
1407
4521
541
1957
2494
6799
8810
6987
6411
9161
9702
6763
3740
4930
8138
4646
8386
3666
3087
3159
9560
2506
1168
943
7566
5324
3674
7110
3465
5086
2547
7313
9554
4684
8297
1029
922
8507
690
5915
9553
1066
4708
5673
8892
3841
4361
3514
6803
2875
4872
6144
9301
1938
6789
4255
477
3533
5204
2879
6825
4333
5964
8041
8932
7091
6733
8921
4655
8602
4214
5541
7023
1370
6934
9032
6006
2695
9718
797
7016
7705
3228
290
4884
8973
7427
1311
7204
3918
8168
7470
41
8422
4900
5291
8163
9763
7056
5108
7265
6643
1028
4130
6447
4212
10000
244
1103
4320
4166
9501
295
7807
7461
8553
3721
9480
3194
438
8462
565
5817
6184
5959
8958
9435
1157
9979
6752
7795
297
3264
6137
9805
7302
7242
5632
5345
3604
3780
3888
5100
2655
820
9541
621
2949
8438
5295
847
7297
9367
7684
2847
5913
4613
8080
7888
1389
9783
9863
7115
6593
8223
5077
2042
8243
9634
6432
2839
211
2524
9309
9671
1275
5564
1153
1533
3205
9856
1625
6807
6826
2899
569
6616
6624
3977
4873
579
2927
3163
3745
8021
8633
1260
2383
7815
2987
5555
8066
4503
8734
3610
2980
4637
302
5854
6236
6487
7252
3032
9208
8868
7982
5621
6770
4491
3300
7416
8136
454
7956
9818
4515
7981
151
4726
2234
3743
6231
64
1244
9237
3458
7871
3319
9022
8174
3179
8875
9239
1035
8605
756
529
9181
7925
4590
5224
4986
1967
3768
4784
15
3124
7321
3980
8502
2058
9296
590
4966
3033
4826
2027
6027
1106
3572
6017
1653
1478
8048
4941
5822
6692
8078
4925
2395
5601
6242
1292
1405
298
7665
7603
7318
7367
7810
5023
1187
3953
278
675
8214
1393
3320
9675
271
683
2424
7100
2463
7740
8008
7060
5566
8894
2051
4956
7185
4046
657
952
1039
6773
7350
6962
3892
3249
8088
5265
4519
3322
7761
8063
8542
7706
7234
193
9300
6964
399
9315
7967
2276
3018
6290
4878
2184
2312
2349
405
9398
6408
8986
8257
9748
3004
5558
8118
4286
9194
3387
8856
4991
689
6213
7210
8317
313
8593
8087
8855
7317
6295
5633
983
97
5782
1351
2389
8381
6343
4465
2648
6854
5420
5486
7323
5811
9256
5943
2063
6734
2273
8325
1045
5134
1428
1711
2858
8931
6501
516
7294
6748
7903
60
6609
4770
3220
1962
4664
7037
5158
6532
4614
7289
9063
6856
2959
6932
1698
5884
5469
993
7451
8195
1287
6953
1738
51
8700
6591
174
3181
4600
8202
5706
3864
184
2457
1119
9464
6664
1644
7671
200
7148
5845
3880
7481
8504
1719
2967
7562
4976
2532
4760
2418
9508
4998
5630
5548
2318
363
2811
3106
8468
5532
3936
5533
7090
7430
2061
384
727
2169
3311
6900
9238
2353
1375
5004
6444
2764
7568
7020
8850
6720
2010
9849
3467
1608
1853
6849
2148
4836
4529
5189
8914
4616
1813
2923
1810
5482
2242
6116
8246
1674
4765
4303
4059
3985
6156
2890
1605
4062
6075
9900
4474
8791
1057
5275
508
3618
9914
2918
8461
378
92
3973
9610
9623
5072
5129
4008
7449
5081
8839
2897
3381
9260
1545
3476
7677
6667
7215
7394
7255
3822
2441
3273
7548
5742
6522
7818
7390
6492
3492
8843
1163
6671
6716
8153
8383
849
4276
9993
203
4233
8407
9145
4003
9396
5732
7316
7171
1008
1648
3538
4843
4308
7012
9754
6514
928
956
5402
322
1412
4160
7720
9558
7190
9436
9088
6359
8978
2357
5374
4875
9647
9649
8514
2428
2471
6010
4352
1089
3776
9131
7170
5137
7726
7592
2855
4475
198
2092
5620
1352
8916
638
4224
285
2727
31
9626
4776
2175
2947
6192
5308
8206
2260
7961
9575
2110
6100
2523
3503
9738
62
5725
4167
2810
6628
5934
1268
5764
4841
455
9344
4315
3122
1438
9996
5755
4482
1614
3873
1649
5451
2977
3332
7032
9907
4993
7612
1654
2373
1121
3504
1862
1493
2789
5635
1814
4061
8417
2443
2458
9450
4109
3318
7792
9622
9839
3392
38
1338
3212
245
8500
472
6135
913
8012
2766
6260
7233
4388
6723
7585
113
817
5971
5718
457
8116
7160
667
1510
460
7011
1531
7051
7014
527
7584
1259
7895
3770
6167
2653
3991
7778
5197
1884
6120
2710
5880
1171
1276
2913
7843
2737
5613
1387
1075
4429
355
5972
6253
2891
6607
1090
6954
950
9685
5439
9226
1975
3067
3714
6818
4541
390
8517
9102
3807
5895
9719
9737
9795
4244
5833
2011
6315
9529
5373
8878
157
5502
3901
5375
9790
2599
4245
8200
4967
346
4650
760
9735
2005
7790
1401
4389
4112
7421
8636
2360
1632
7947
7070
3718
768
3399
6090
2362
6930
3477
4081
5151
2830
4911
3517
8033
4494
7101
4788
6162
2989
5569
4815
4172
4517
1568
3266
5746
5662
3146
2793
8758
3400
1462
8681
9154
4236
6989
5998
5163
489
3285
3132
8492
3785
1055
3982
1459
9872
4275
7899
3800
826
3129
1195
3456
4345
5598
2121
1080
5761
6453
3403
9768
1306
8619
418
2819
1805
5433
4977
379
4564
8827
2711
980
1221
1027
3234
8387
927
5031
8489
7106
4144
6906
6657
1197
3971
8624
1474
4369
1784
706
9787
7936
4209
2920
9609
6630
5262
6455
540
5395
6604
7511
4216
2829
2948
8493
916
1669
3865
4165
9577
3448
2933
5498
8766
5545
3862
5495
1839
7478
5721
1116
6766
1556
5836
7388
4002
9657
9496
1528
8427
9866
4480
6951
1965
2008
583
6839
250
4406
708
5729
5152
6307
6036
6864
5547
4463
6602
39
6608
4627
8038
8178
5627
2153
6662
6833
5268
9506
2269
4512
6409
7834
828
9981
8445
6459
225
1820
3676
4808
6423
9057
414
6751
8457
6637
3652
2784
4772
2846
4850
7972
4719
2689
6032
9583
2271
7347
4398
5953
1350
7248
5323
5408
1360
8934
5099
324
2068
3258
3472
3887
9048
7830
2504
6631
7718
9791
3687
247
2
8483
4795
5367
3262
9267
6212
5167
7780
4703
5841
6908
8988
8065
7964
2972
3310
5747
4438
7745
5237
4940
4485
1668
8055
8955
362
7933
5849
7924
8818
431
7065
8598
5219
7587
4916
4604
9446
6488
6009
2371
7985
5736
3786
4285
4764
8528
2543
1123
1592
2317
2477
4065
9150
1151
1402
5314
6865
7582
2785
2243
1021
2991
4809
5623
4159
6844
9451
348
3020
1607
2200
1512
8756
5588
57
8513
4080
9023
5685
6681
8671
7531
6601
8745
359
2216
9707
7203
8081
8757
5391
4605
947
8366
3790
9905
7619
3046
5696
7442
6658
4387
7249
3291
7137
1202
9985
6724
8490
6892
7560
562
7206
1371
4040
1759
6064
9414
9297
6249
5246
701
8649
1803
5094
4789
5022
8281
7550
2503
4107
4178
3036
239
3904
5493
7439
345
9616
2568
3761
5307
6380
9776
9850
6308
6121
6034
8393
986
7579
7281
4234
265
6094
9720
7781
654
8869
5676
2750
6524
5093
995
1444
8488
8820
5707
5720
2963
6110
5240
4419
9717
7219
1737
3130
3534
4545
1779
6329
4722
6891
9386
6802
5165
990
42
3151
8654
5882
4598
8563
281
94
1526
595
729
5808
8415
8656
2368
7092
4576
8061
5850
8920
1514
5415
3442
807
7159
8587
5967
1646
4396
5351
4860
7231
3337
6053
2167
7679
1109
5522
8127
6994
2268
5273
4947
3976
5619
1997
7805
2282
1660
4749
3247
9499
9009
5814
8064
9930
1684
2882
6963
2315
4288
5932
8491
8421
4898
4467
1733
289
9535
4659
735
6852
5076
3429
223
4720
8150
8546
385
2464
759
6112
5866
2224
4170
7943
3949
7646
6200
8590
3449
8824
8595
3567
1788
5657
7689
5930
4794
5977
996
3186
7833
6902
7645
6614
9711
1903
994
4887
4074
5338
4264
3481
4513
6097
2466
887
3077
3540
4095
6598
9124
5753
8424
1399
6982
7518
1154
7806
9222
4963
6983
3774
3576
333
8802
7785
673
1363
717
365
5835
7024
3859
1916
7886
3178
2252
8495
5256
8067
6893
9249
6301
9847
9351
3964
8028
5886
965
7063
1766
6059
3543
7031
5873
6349
1907
9214
7211
8744
5481
9317
5859
2500
3857
3946
45
7774
468
7469
9352
1908
6324
2590
2120
4256
653
1929
6817
8086
5608
3697
8059
9878
6960
6264
396
2618
7771
9418
6939
2530
1980
6971
5161
5938
1871
1690
6297
7108
167
9417
6676
9491
9973
2077
6570
1236
9123
6166
8451
1226
2345
8980
8359
5604
821
249
5399
6388
2642
8945
6567
171
8764
6172
4737
9544
526
4755
231
3364
5908
9862
1749
1972
7758
4734
287
8019
6443
852
2607
4349
806
1641
855
3278
2533
1282
3717
1190
8762
368
6265
8523
197
4182
6576
4805
5914
1954
3680
9472
7567
429
868
9335
7946
3787
3482
2934
8938
5842
4979
6725
8899
1108
3495
1129
9893
8260
5861
8193
2915
4972
1986
5130
2849
4019
4673
1112
5741
4393
616
4905
3527
9008
9934
7476
4790
8014
7229
3519
9036
8413
2328
469
6656
4184
2319
4462
7351
1567
8094
8746
4796
4636
445
933
6171
2692
8547
4816
5445
4849
9378
8240
4270
5322
4131
1297
1590
9258
2929
5216
4440
614
6653
4426
8924
1120
5
3421
1978
5869
8530
8057
2880
486
8437
2724
8737
859
7996
2407
1628
9734
9786
252
323
8210
5924
3354
3244
511
1721
1220
2901
3829
1949
2796
6302
8070
4289
7431
2435
900
1491
8722
7572
4232
1435
4022
2270
5472
1046
4336
5283
1193
2798
9512
7533
3542
4284
3584
5957
1010
5024
6384
4579
2511
7641
1525
3679
1732
1313
728
88
138
3738