1000
427
134
828
270
16
946
808
139
966
67
390
17
63
21
414
487
598
780
85
521
814
540
933
885
747
136
975
844
469
264
126
964
912
325
404
254
168
854
52
127
490
182
128
424
207
927
913
36
418
606
689
400
316
508
142
277
59
528
283
589
124
274
434
862
551
656
443
718
51
822
936
494
252
525
361
328
548
476
44
60
740
713
952
865
70
169
605
888
867
155
728
57
738
566
841
930
848
578
121
515
290
752
918
1000
317
770
733
346
116
358
708
750
11
564
73
538
9
287
722
638
799
959
326
585
769
906
27
240
353
561
396
970
120
130
668
313
492
305
973
782
55
532
529
823
441
937
309
298
533
809
460
843
28
935
537
72
199
497
629
332
262
563
602
462
727
655
271
905
376
702
596
154
428
335
245
275
976
90
30
349
66
631
987
645
236
297
374
732
688
764
680
686
392
334
693
156
992
163
425
267
12
235
552
624
908
636
319
864
190
220
278
969
302
749
87
206
103
451
337
572
348
979
32
988
388
832
839
557
377
500
622
712
102
904
315
915
138
505
223
986
122
164
196
322
37
188
776
225
603
608
896
726
97
301
761
110
31
3
178
972
974
420
493
536
657
367
954
882
273
739
627
158
957
347
659
125
847
160
310
372
362
350
994
845
703
6
838
531
285
238
694
825
401
478
368
62
595
931
945
249
496
943
477
857
983
956
71
565
664
735
696
402
53
698
393
385
642
510
465
955
967
46
827
826
806
411
243
229
140
459
790
816
242
641
633
265
817
612
251
755
65
230
996
758
866
911
329
805
901
149
999
370
58
292
412
449
69
961
380
690
228
187
993
588
671
218
871
617
640
763
247
81
282
534
483
84
670
384
759
192
568
661
119
520
895
415
574
626
850
526
391
215
998
89
615
151
461
829
239
448
286
685
929
517
503
137
650
217
323
342
511
145
679
131
202
344
244
200
467
56
74
773
179
597
410
77
41
193
268
938
299
781
794
898
821
499
321
255
436
711
394
231
892
700
917
783
811
468
34
379
48
221
530
480
166
706
437
320
432
435
506
729
753
876
980
352
208
894
949
695
162
123
592
765
399
594
978
663
144
474
266
928
678
859
923
635
333
419
445
458
518
338
820
697
171
135
600
495
150
133
470
176
950
330
524
942
545
924
227
834
971
878
472
174
339
757
68
890
439
609
886
701
117
165
114
723
778
38
129
716
725
289
900
183
1
170
628
356
88
673
856
108
858
587
873
307
450
591
431
83
654
573
219
86
54
570
15
132
181
889
877
925
159
580
106
471
25
473
742
616
861
152
312
760
18
256
250
488
421
212
899
984
962
542
502
296
746
951
26
674
429
80
815
82
115
22
611
422
378
810
464
840
579
214
920
407
653
785
558
98
118
148
643
593
646
253
868
406
512
535
205
19
373
786
941
523
880
357
687
581
672
433
186
677
440
791
665
8
489
209
599
649
704
327
501
175
111
203
513
813
705
455
669
849
554
869
504
191
632
509
198
667
939
222
990
807
583
887
569
78
381
623
812
408
555
590
963
234
796
180
793
544
216
932
194
919
64
926
507
691
107
481
744
539
715
79
614
737
751
852
91
5
185
775
304
354
442
953
819
486
610
47
745
662
514
800
484
824
241
559
109
43
39
792
709
33
909
4
982
276
788
584
93
547
101
49
369
842
768
637
303
516
360
658
42
613
771
804
541
577
836
997
934
571
717
519
762
444
341
20
397
269
382
232
875
960
560
803
870
195
748
863
413
405
324
787
681
884
14
699
167
625
721
619
991
855
607
224
389
417
676
754
173
426
881
651
853
7
197
921
366
647
466
910
355
802
995
916
692
291
446
985
683
731
457
13
795
146
874
546
447
660
112
403
395
549
789
438
96
92
522
365
797
720
387
99
710
485
582
29
798
259
630
157
248
620
308
306
989
281
189
456
351
288
261
830
851
141
730
113
272
359
491
634
907
543
922
143
409
280
872
423
314
50
363
883
237
340
213
621
707
567
767
336
940
398
452
766
284
893
295
246
550
453
527
24
777
576
779
556
724
75
562
364
837
454
968
105
257
177
2
479
184
10
675
736
153
666
416
756
233
40
345
801
714
860
35
644
944
958
211
226
375
948
879
639
947
201
95
774
386
682
981
294
498
914
263
204
835
100
94
818
784
743
648
331
618
897
684
260
719
318
279
734
891
902
383
76
846
172
652
430
23
833
604
601
61
300
293
104
45
463
831
210
903
258
475
575
741
371
343
965
977
147
772
161
553
311
482
586