1000
883
255
783
807
507
570
650
253
602
220
944
149
589
28
947
82
205
248
364
207
818
242
275
715
712
166
189
442
481
845
320
408
444
457
709
902
928
861
162
850
601
977
848
299
980
759
573
26
854
416
116
425
744
456
474
640
317
538
532
687
620
64
47
694
611
800
450
667
539
410
427
685
595
827
79
398
743
283
406
711
657
285
400
769
412
689
93
813
211
488
191
758
749
550
31
33
337
531
291
599
284
349
721
993
663
370
153
984
903
933
61
288
354
108
705
801
19
355
68
586
535
872
677
969
526
932
945
837
345
374
225
643
939
263
625
102
810
276
529
990
238
123
215
18
636
600
217
804
49
884
396
533
240
161
520
817
754
357
565
741
803
681
809
59
551
170
386
774
344
75
724
642
577
868
874
83
336
957
332
91
670
756
487
986
940
358
159
981
992
791
446
295
788
157
948
904
941
348
888
112
967
889
213
69
361
653
56
321
975
588
87
339
999
494
41
829
151
397
385
913
785
718
808
734
46
45
578
652
14
485
648
316
710
634
684
825
89
30
106
113
287
135
160
200
435
581
381
554
876
256
391
66
613
966
511
421
647
310
20
40
198
524
907
366
158
856
254
660
777
988
480
781
312
274
704
693
36
701
319
379
901
428
517
119
591
730
459
497
894
429
833
55
32
95
631
331
523
377
44
140
864
243
953
382
165
528
855
736
841
499
247
814
74
294
461
148
252
301
661
995
236
561
892
761
144
970
402
404
484
188
84
43
219
963
6
470
627
739
698
455
303
154
927
897
954
133
394
179
464
438
156
67
630
498
750
603
405
249
60
449
12
763
772
360
273
597
228
311
383
378
890
665
707
880
680
729
267
726
419
823
478
918
690
415
300
387
278
11
353
607
934
816
272
129
937
109
637
194
651
806
469
575
797
618
658
447
241
239
675
536
838
920
702
229
946
192
25
147
333
155
58
747
376
972
887
210
496
982
683
537
334
582
42
843
604
742
265
473
682
417
924
519
779
616
51
138
139
167
632
506
128
906
327
700
510
431
998
635
182
891
819
418
441
926
867
860
465
725
132
568
234
445
703
649
978
204
541
99
991
492
57
347
453
525
62
463
760
328
974
626
356
201
342
458
879
422
567
448
955
245
477
471
468
392
260
629
29
53
792
340
38
847
309
324
384
7
206
881
221
688
504
479
844
851
13
111
789
786
81
835
403
250
746
5
264
644
673
368
430
434
150
70
451
748
193
196
558
562
836
226
183
805
983
17
716
54
143
78
641
798
85
557
426
15
203
277
350
169
852
90
994
80
830
615
286
552
502
244
909
371
893
547
362
515
543
388
696
773
767
269
951
127
976
606
115
553
912
638
491
230
375
181
987
177
811
790
587
1
949
380
717
812
216
409
513
857
146
343
307
122
590
222
293
512
985
802
305
815
961
917
849
542
778
738
466
666
313
318
22
2
436
697
125
560
795
908
227
325
929
176
832
365
719
722
548
72
751
645
964
3
895
956
853
390
676
958
443
822
489
401
27
50
389
518
104
863
92
190
960
173
905
454
572
246
534
34
674
175
935
329
363
306
142
420
824
764
103
768
775
500
878
796
914
73
871
770
753
623
877
678
633
840
482
462
559
598
997
714
973
787
261
706
942
793
164
4
235
546
136
659
308
120
979
262
592
208
209
88
752
323
549
168
842
341
621
413
896
411
959
556
292
100
858
141
869
569
571
923
605
94
720
898
259
655
407
180
266
501
713
708
290
585
452
351
131
186
237
110
656
723
782
669
101
862
195
302
424
617
950
866
834
71
184
298
583
692
826
962
566
699
545
522
668
503
218
130
865
886
23
794
460
646
727
326
540
297
281
433
622
784
373
145
98
564
971
24
899
214
952
335
614
596
270
174
619
114
48
338
423
163
931
202
271
639
65
212
910
330
257
16
584
118
96
915
199
258
178
745
733
437
367
919
875
580
530
938
296
432
776
735
608
289
223
936
574
691
839
505
555
232
799
268
495
968
820
925
440
563
594
771
612
900
965
493
124
395
521
97
930
486
766
369
35
490
732
77
322
821
737
231
654
514
870
126
121
280
740
187
279
352
576
527
679
831
731
224
846
399
117
916
921
172
472
197
467
672
662
475
508
439
544
757
516
134
828
21
251
282
885
628
664
233
152
346
762
10
107
780
593
671
989
372
943
728
39
185
609
86
624
476
911
359
137
695
314
765
414
315
105
171
859
882
393
922
483
509
37
304
873
610
579
8
1000
755
686
9
52
63
76
996