1000
561
758
146
688
229
284
745
435
195
40
972
475
931
340
378
883
946
757
955
951
541
526
748
677
7
127
117
54
4
568
494
542
826
545
821
474
784
614
647
587
67
426
61
577
994
389
477
862
982
944
882
267
581
247
400
356
975
393
651
366
735
11
842
774
534
565
240
910
792
531
332
35
230
107
43
408
652
105
612
206
498
278
63
873
730
454
443
75
689
484
558
940
270
440
280
522
817
100
269
575
585
579
369
627
252
367
257
717
880
303
752
41
485
453
147
5
991
518
322
591
710
354
145
794
916
60
120
761
867
713
172
66
658
783
158
64
905
249
984
49
182
398
705
238
938
628
253
420
875
594
125
457
638
283
578
610
365
694
861
813
851
738
884
76
496
487
404
804
507
476
186
715
447
27
194
633
200
740
719
254
260
228
219
801
624
993
98
45
814
904
528
663
258
376
567
488
788
687
943
877
511
613
691
841
379
899
401
233
48
521
681
863
751
330
995
636
782
436
881
313
221
952
747
810
391
732
264
358
414
492
154
248
617
357
779
2
339
274
693
122
171
368
720
161
894
319
989
22
514
36
986
51
661
629
53
957
104
42
649
992
396
891
632
479
544
712
780
251
392
183
996
10
157
643
341
192
853
767
243
660
728
165
644
516
530
659
108
199
840
83
902
178
12
337
349
14
23
549
58
97
425
317
924
935
217
625
361
166
115
714
517
305
919
462
967
459
978
222
787
771
286
515
569
520
686
110
701
777
131
47
707
203
510
816
852
141
827
769
781
598
562
465
925
983
112
386
272
1
352
300
508
290
296
901
242
109
311
452
329
16
923
310
760
945
602
185
836
493
533
703
331
645
555
371
601
434
922
345
482
977
204
570
93
969
887
987
729
846
960
653
473
734
433
974
560
512
445
683
737
573
903
965
574
868
495
399
441
173
94
130
287
742
622
895
584
680
292
291
583
431
818
234
746
947
350
595
320
255
307
245
472
123
501
650
62
209
556
80
363
497
980
395
504
276
271
483
524
641
314
437
898
911
605
299
667
917
95
471
985
418
725
281
666
316
387
907
739
325
25
413
824
469
481
438
539
988
288
981
766
914
536
749
342
151
279
621
657
96
464
776
103
155
878
772
962
990
963
26
684
828
82
152
893
854
353
942
189
338
213
839
543
381
446
699
68
795
865
153
187
856
174
458
150
302
997
676
939
216
948
736
334
554
224
806
55
550
913
466
672
700
56
21
118
838
362
428
678
277
33
328
871
135
768
872
18
460
797
921
168
8
9
188
385
802
121
29
754
620
859
20
750
226
250
589
847
789
263
128
111
509
397
611
138
424
669
159
604
231
19
134
763
237
139
448
421
273
201
419
837
723
664
211
646
572
831
124
132
70
181
198
606
87
133
564
65
623
537
491
372
900
85
812
953
879
327
844
99
301
177
298
798
920
759
553
79
81
958
220
834
88
73
576
786
815
631
505
246
422
50
210
180
52
348
535
24
559
239
546
486
285
936
805
480
708
702
762
163
28
897
294
176
262
140
933
682
662
113
405
456
674
193
889
69
410
711
390
102
463
830
468
525
241
333
695
690
184
169
709
412
634
765
90
343
6
670
793
912
909
106
968
866
811
799
698
324
722
874
892
384
502
547
582
364
864
295
499
915
415
773
259
442
756
580
770
407
232
323
590
970
142
753
236
162
261
84
218
114
571
744
306
529
44
860
896
928
941
869
790
929
807
540
439
513
304
380
778
618
160
843
706
197
870
208
855
609
403
432
34
293
32
721
92
538
949
950
170
143
716
927
370
697
77
214
74
586
309
175
741
423
998
289
72
848
704
455
149
755
467
603
315
954
202
191
615
394
116
654
971
593
506
490
886
326
557
727
136
57
588
275
148
926
144
959
675
227
1000
266
374
548
417
265
179
724
373
956
46
673
999
775
318
89
489
607
596
449
470
532
809
519
297
849
918
637
17
835
336
640
639
597
655
235
808
630
375
679
890
665
906
961
360
791
478
31
30
13
829
599
244
308
656
344
800
256
726
825
416
820
406
668
566
616
137
764
635
551
359
126
225
382
164
819
692
796
347
15
964
833
642
38
377
876
461
212
671
619
196
37
857
527
563
427
832
733
934
78
86
685
402
932
450
119
282
409
3
321
91
351
335
718
973
937
411
785
383
207
190
101
429
696
500
600
129
444
552
268
503
223
888
803
451
823
850
39
592
167
930
743
858
355
430
312
908
648
822
205
626
388
979
885
71
523
845
731
156
215
966
346
59
608
976