10000
5651
5385
4481
4702
5001
2562
2443
3367
3621
8620
5750
4243
2440
1067
6456
8293
8684
3690
2288
5908
7789
832
1260
1078
7519
9055
2397
7607
9547
4787
4931
5361
8879
9487
2194
4513
6536
2255
1421
2242
2167
2623
2046
4778
4515
7639
14
5503
7821
8747
9790
9853
2465
9941
6073
6009
6357
8394
9046
789
7625
7542
893
7952
8024
5582
3881
5606
7653
2711
7606
8589
2208
5707
9250
4233
1963
9518
2845
7741
8096
9031
4660
8257
7957
2811
5636
3727
3791
1935
9935
2585
9445
1284
4592
7521
3691
7618
2377
3503
599
9851
8313
4415
2393
2099
70
5187
302
2013
2484
2368
5976
9115
4329
1175
9924
1327
666
2809
141
5840
4642
9366
5358
569
180
199
4324
1569
4159
6051
621
8806
1838
5011
9874
8632
7077
9873
3948
1672
5558
9203
6546
3732
7888
1422
1595
6152
3889
7780
7339
9221
3798
2594
9316
2853
3192
8653
726
4288
1349
9105
6339
7407
3760
1412
8595
1687
4553
7699
23
3672
5631
9900
2359
9502
102
6654
8634
2135
2792
5909
8701
9245
1275
2213
6934
4579
7345
415
1649
4417
7967
3227
7191
2417
8740
9094
971
3910
2943
9903
7047
288
1692
5475
9657
1525
367
124
8789
4942
2869
9770
3420
5780
2582
2018
491
284
7933
2199
5383
4060
5847
3355
1791
4038
3818
2188
1855
2566
655
6388
2057
9341
6410
4994
4673
980
7387
6997
4534
5471
4093
1343
3652
3609
4823
6837
9722
6687
1833
9397
4683
1154
5185
1604
4526
6943
6801
6966
394
8571
9521
748
1321
7935
2370
4231
6709
9757
5939
1125
1333
5034
514
7349
9463
3933
7023
2439
9480
5685
8086
2457
9631
4678
4713
1743
4785
464
2177
8767
5559
8032
9182
7089
4426
718
392
5793
8963
5062
3050
7147
3168
4479
9923
3924
8984
5666
4346
2800
5112
2324
8502
4250
8404
5703
8810
7808
2771
6103
5542
8570
4016
371
3799
8737
5816
5413
2074
2861
6274
8316
2005
4378
3056
9688
7073
7866
761
3071
7535
842
7788
5825
4564
5343
6644
3300
5457
398
1199
5246
9087
8508
7026
2362
6769
1666
2356
5959
8841
2590
405
7582
1224
6029
7149
1867
7841
5599
3127
5894
4807
357
3311
7460
5743
2030
3969
6002
426
5945
2486
3896
1431
4221
5091
4705
7194
4855
7559
4287
4106
6127
8991
482
8658
2501
1988
3994
4414
8414
8511
227
4267
550
6771
5431
4644
7446
8696
1936
9348
3197
9946
9173
130
9236
9120
8942
4795
8160
3895
108
6727
4827
4211
5586
8775
7834
6043
7260
5087
9319
68
9743
1324
6369
1850
9619
587
316
4634
2854
6816
202
7495
9706
3898
7828
2834
6322
5735
7996
7807
5415
3496
1909
3730
6144
6555
9677
4962
6269
3583
9701
4262
3625
3107
8909
1956
412
5132
9984
1492
3854
1679
7508
3253
5142
7816
6959
2413
22
175
3710
4079
2828
8665
6087
6092
7733
5629
4372
2817
3440
5979
8366
2942
200
1289
3558
3627
6732
3858
9307
5782
3647
8786
631
7684
1220
8413
1089
8292
8092
3768
8655
1605
1445
270
2080
8532
3377
6145
6516
3712
9797
1667
6708
172
5380
1202
5378
3617
6811
9838
5094
7302
8402
9288
279
7062
4449
7614
6817
3971
7943
9342
6625
652
2638
6450
6377
2001
792
6764
6004
8146
2404
540
6412
9881
942
8252
4102
5178
4019
7045
4061
6640
536
3862
79
3642
1813
6807
5286
1559
1879
2122
3610
6665
5903
1424
2731
494
8697
9279
4407
5289
4002
1934
2215
1027
4192
4456
8360
1793
1130
8440
15
88
2513
5204
1038
3808
1986
9885
4006
7429
1095
3316
5687
6789
212
9695
8061
114
8000
8295
5706
4078
5667
9868
2026
1232
1510
9306
8610
1331
2510
3319
851
3620
4148
7439
2070
4234
5424
7838
5553
5732
5097
1325
782
4338
4420
7430
2223
2475
8919
4661
9396
80
9433
7785
7085
5319
8113
7197
4496
5522
3217
7052
171
8007
3160
2885
5260
9697
3481
325
5844
5741
291
8400
6775
4491
27
4658
7412
8647
4845
1637
1847
7359
4035
5587
5661
7955
5627
3131
6371
5401
8821
5784
8506
7088
5918
1886
9004
5532
3585
4821
17
524
7779
6908
5697
1122
3800
9510
649
8083
9280
4266
408
4946
4780
4978
2640
6596
7832
4410
3859
6394
3651
9624
99
3096
5930
8258
4574
658
1403
7528
6766
1689
4223
4528
9731
9056
8212
6254
4610
1251
7307
7723
3401
4533
8528
5031
6036
7093
3615
9062
257
1764
7181
7231
9791
6689
5948
9000
3357
5342
6652
3006
1895
7467
4514
3628
9898
775
1272
3074
5139
9086
1696
6100
3097
450
3211
9434
4352
493
3525
4723
4476
4059
9075
4392
9172
9462
886
6512
6574
9174
5262
6401
3446
8818
6912
8916
390
8095
9417
6204
3657
9686
1397
1285
7803
847
5832
230
1425
4662
1257
9067
9146
617
1803
330
1212
7086
6075
4251
3051
9118
4635
6620
147
8201
7740
2909
3384
8548
8002
607
4280
6360
6334
1564
5835
637
7564
2839
9
4226
8441
9568
3031
374
2235
3479
4386
4872
4050
7538
6233
5440
8537
4362
7864
928
6034
144
600
8457
3694
4371
4433
337
8245
9585
9911
1192
719
5073
1568
4265
5236
4037
448
8894
1306
583
5737
8216
6901
8262
6396
1028
3979
4563
2754
4065
7033
6428
7405
8282
1632
6897
8549
7061
7645
2523
4728
5561
5474
1997
5430
7987
5609
4810
3836
8128
6991
6924
1736
6378
5630
416
5227
1402
6755
3874
7800
1305
5714
151
8578
9621
9520
5653
3152
9213
3890
2352
1949
9392
7377
2926
3963
3900
9992
582
7448
6285
3665
7845
2271
6683
7425
3470
3427
5875
406
9526
6653
940
9391
8064
800
3472
5191
3485
6796
2801
2020
2525
5325
6121
5986
1351
8990
3705
4401
5622
9917
7351
8489
6787
9414
8319
9021
8289
5517
4504
6212
5005
8241
2172
2928
9723
6464
6514
8581
369
307
7296
8748
2455
3938
6861
6479
7120
9531
4940
3385
2422
3374
5221
3474
6745
1570
7728
329
5036
8507
2891
1990
7822
2022
3809
855
9844
5374
4
9110
94
3507
1549
8694
7620
6014
8300
1046
3053
9933
8949
7343
5600
1840
3972
8274
7459
2219
9591
4308
1836
6023
1531
7873
301
203
8369
7912
9929
8853
9683
3400
6030
9058
7680
4128
7860
1124
8239
7483
1589
6554
4284
9710
2136
5464
8042
3653
2369
9455
9579
3295
2126
709
1015
1473
5216
3394
6120
5104
5946
7585
9353
9259
9658
4281
3111
2830
6258
3978
7721
5632
8712
9819
4455
4042
8306
856
1016
3190
8339
6379
3925
3831
7185
6240
1334
6341
5466
5348
3221
8914
6278
459
892
6628
6850
4709
3772
9401
7250
3704
1482
3684
447
9282
9721
3855
6915
2357
6666
3429
9968
5746
6163
5018
5583
922
6402
5046
5923
8964
8477
6109
5166
5207
2016
8820
4984
3841
4689
4717
1450
6391
8219
6823
2450
2262
4001
1010
1332
5770
4551
2535
7537
2102
4143
9377
274
8618
6096
8424
3099
3488
1614
4718
5331
2597
7642
943
1477
5186
8675
8716
1504
3949
391
7914
3635
5017
8021
4068
9136
7214
4818
8485
4959
1041
930
2386
1155
768
1079
8960
2473
2263
9828
3725
7698
4933
7150
2849
4659
8783
2446
683
8626
3369
3196
3421
6209
9207
3748
8529
6543
3174
8176
5160
5557
6277
92
5234
3142
1295
2041
2429
6167
6351
10
6947
8203
2737
5266
195
3848
7316
9049
5763
4970
181
3953
3599
2007
2052
1002
4395
7290
299
1530
1540
4031
4047
5355
6930
7863
5389
5575
6739
1756
3519
1068
4762
3297
7921
4730
6954
7638
7560
2655
1025
6125
4177
9340
2458
9632
3248
9045
6045
9038
4361
3927
844
9034
9768
1991
2611
5167
3081
3261
2518
5682
6393
1484
7224
3887
1866
7342
4698
7554
6178
4910
2610
4846
4685
7129
684
5329
8475
532
51
9450
2229
6992
8090
5261
7076
7002
9845
4305
5596
3856
4651
4313
3306
5027
5975
5870
2078
1822
8776
6968
9827
2838
2887
646
1538
2685
3516
5958
8608
9267
5788
8491
7394
4203
9418
9728
2256
9076
3489
5141
7624
3068
242
4983
2507
7239
8036
1845
9050
9400
9102
1423
78
2765
3968
4292
2254
2037
8150
2158
5338
7132
3527
4271
3999
8722
2066
872
1000
1898
1726
5725
2401
8671
4427
3592
148
6510
1712
4995
7009
998
7610
7604
3129
8079
1468
7984
5026
2653
5605
6314
7876
6741
3314
1487
9054
2304
6416
7230
8590
7348
3595
3020
7222
2272
2462
1661
3219
8856
1437
780
7988
3959
1376
3362
2147
8359
2293
5790
5351
858
9097
3301
4654
7301
5196
427
7034
7598
9292
2433
8495
7934
6631
1917
6853
4012
1627
3783
4314
6678
7188
6758
4493
1860
3133
1483
7898
7827
5739
3162
2987
3305
853
1110
3451
3498
3117
3259
9121
5639
5048
6495
4856
4681
5173
1150
9315
2421
6870
471
4524
2105
9936
2029
2815
3298
2441
8625
389
6986
194
6058
7030
5039
8215
8951
2184
1174
6217
2676
8358
9373
1145
6425
1162
2187
7160
2284
6213
7959
2637
3223
6721
9627
4013
6922
4376
1353
6457
3456
7314
3869
7096
4137
7159
6621
5273
8249
4667
7971
9265
2827
2963
7473
4459
5972
1039
4225
7218
1579
8892
4775
8503
3761
8277
387
1625
821
4802
6619
3747
4507
158
1166
5916
8798
2261
2667
4119
5925
3601
65
8982
4817
8017
122
7139
830
4565
3418
2392
1481
1442
5438
7287
3256
156
4544
8642
5897
9113
5552
8971
9747
4138
5063
8635
3560
9759
3413
3981
5257
4901
6010
3606
9025
3629
5045
2832
5884
7668
4602
8154
5461
2241
6044
7079
1523
9727
361
7097
1420
9661
3279
2851
1636
1673
1509
7763
2609
3888
2516
6547
8685
3274
5824
8148
6303
8997
3515
4912
7719
1080
8561
595
7004
333
229
4381
5982
438
690
3391
1001
9372
9223
2683
4619
625
9461
7762
6698
9416
674
5349
9160
1670
404
1996
2545
4331
1044
7419
5470
6453
755
8730
9367
6361
1948
2986
5962
5616
4172
8565
8337
5009
7844
9734
1433
4301
8371
8707
5836
5318
9634
4805
269
9109
231
31
3937
8517
9566
3473
2202
8911
9958
4719
1447
1405
799
3870
3046
7818
5654
9264
4232
9930
1280
2178
9951
7417
3612
5865
7311
1221
2190
8813
584
516
6515
6265
2398
1784
4176
4537
8925
8937
9444
937
3998
9687
8639
2171
6868
5248
8600
3906
2110
6896
9180
1645
4180
9957
2039
7951
5135
3977
6634
2601
2874
1807
6778
8504
8756
738
3739
987
8067
8968
6266
8759
7066
8280
4015
6542
1951
1842
4268
2784
9374
9575
6128
6987
3864
3375
3325
6185
6612
8877
8391
2004
6432
4700
2818
7760
7654
9070
5547
7111
6595
737
9057
5066
2871
4124
4720
4219
5642
1718
3822
8834
8574
7946
8492
3060
2138
4302
6655
4188
5820
4538
1535
663
5555
7920
4245
5176
1026
9835
6147
1902
4187
7764
8229
2708
2299
7678
6788
4595
7739
8955
7332
5534
1937
2071
8545
845
1069
4677
6156
5808
1518
3611
417
8390
7836
3346
5020
9752
8180
1868
3514
8729
1465
8560
2837
1566
9225
3065
3321
6921
2034
7894
6566
9947
7418
4131
6656
8034
3445
5745
1261
6190
4145
4450
6403
4566
4577
4335
6675
6365
6461
2756
5118
1240
9332
7381
8481
8551
665
8734
4841
8895
2118
5843
5966
473
1558
5049
7904
7594
2791
8891
6804
8264
1778
9694
3838
8628
657
5214
5253
3603
3658
8240
6013
3655
9443
7013
9402
848
9877
189
8890
3154
4640
4098
7730
7589
2616
5124
5057
1862
8689
9780
2603
5290
7325
9041
8115
7069
1761
4731
8973
4014
5944
1463
6851
891
8415
9426
6667
7970
784
8781
969
8297
8285
8802
2812
7922
6311
5507
8792
9550
3499
8242
7338
8445
7526
2120
6474
6819
1648
1367
735
1921
3480
2383
6395
4738
5839
9437
4904
779
2615
591
107
1943
3011
1765
4604
9875
1203
2043
1864
3863
4913
9928
2053
6878
9597
7632
7136
4373
4207
9960
7916
9233
9258
7039
8557
5473
7782
4721
5183
6228
8525
3144
2146
572
7669
7210
1178
9246
9792
1989
3512
1732
9998
4797
5855
4861
4947
4930
6597
7496
1201
2332
123
3879
8301
7724
8505
9826
7337
5149
5738
9985
183
9269
9777
7581
5879
6047
9048
7781
8967
6319
2868
7364
4437
4550
2595
7670
8559
3713
2645
6363
1123
2170
3246
4242
9822
3018
4363
6809
4224
9322
1022
3128
1737
4073
6435
819
3633
992
3203
1511
7736
5157
5888
6132
1851
2407
4025
7213
6470
6964
7690
3531
349
715
4911
9380
8510
222
9612
2068
2688
6342
9789
523
5826
9573
2063
66
1129
6330
2427
2893
2547
4686
8552
5496
2494
5148
4852
3789
6606
8965
4321
2608
5074
3184
1297
7288
7715
5713
3630
8795
2704
3398
2945
615
1908
2890
8428
2447
533
2319
1462
9839
9039
7084
5328
1981
925
6326
5838
9014
7810
2303
6347
8958
6848
6067
5145
3506
2904
1172
7858
3844
9421
7347
5407
5064
2599
704
8080
6904
7373
1141
2048
442
4067
9446
6444
7413
3101
7982
5400
5757
1916
641
397
7470
9023
7502
1730
9533
6931
6728
5789
6224
2979
5670
5277
1456
4954
2476
4438
5644
4955
187
4894
8418
1439
9324
3502
660
9760
4540
5659
9882
8082
5443
5556
3371
764
221
4422
9276
1888
7830
635
7485
3330
3231
5573
2972
1428
1399
7081
5892
5869
343
8994
558
2161
2379
1042
9610
8091
3982
4053
3570
5368
7182
8569
9735
1805
3991
9043
9590
1932
4327
4800
3861
3903
4976
6651
8266
2781
4727
1638
8710
5075
3423
3039
7540
994
778
128
3604
4260
5662
2969
3348
4712
119
5420
8314
5516
1740
8744
7823
7919
4274
9024
9578
8493
2823
1466
5796
6037
9305
6000
454
2556
3823
4525
5913
6299
6177
6815
6350
1151
4083
1985
4777
2390
5581
7146
6941
8158
4150
6471
6729
8631
5434
6562
7735
2130
9493
9702
8281
8832
7087
9537
170
8136
8308
2558
2434
9586
3508
7798
8053
5131
201
8204
3922
2677
4235
753
9574
6672
6338
5226
2836
8769
2787
8386
2949
1631
624
6886
8975
2493
2544
4108
5291
5284
1514
7507
9899
9666
75
662
67
3163
8638
3143
2560
6840
3333
4518
6736
6673
1907
4744
7771
9194
2540
5691
689
9216
9466
5010
2524
7408
9248
7080
9514
234
1103
1950
6674
6312
9927
1501
9940
4616
3244
6977
8334
1966
6720
1870
2896
8051
743
3921
1897
1486
6795
1662
4464
3379
815
5901
3636
771
9630
7451
8995
5193
1449
2512
9255
3495
4227
8992
1085
3358
2628
1825
4711
1968
7481
4690
8278
9131
2399
7432
2302
5652
2927
521
4890
425
3843
4766
5926
8607
3701
814
5515
5423
39
6584
118
100
3680
2366
4300
4185
6940
8224
1369
5341
1408
8670
4669
2040
2291
6398
4888
8263
8411
9862
8483
3784
5323
8122
8131
4806
541
9669
6291
9227
8654
5419
1394
5154
1853
6857
2205
4779
7422
4907
2089
9692
6702
7431
1626
166
3596
4576
6873
7878
34
7090
8077
5486
4403
9906
5384
8044
9515
8328
5390
7994
1565
460
1578
3366
9452
4985
6953
3035
2629
5722
4510
4149
5090
7848
382
2618
7761
249
3505
5230
6019
4883
2915
9127
1006
9689
2537
8797
3276
8026
6139
218
8936
2452
7358
562
1494
653
953
3090
3094
3243
8672
9283
9428
1998
3708
5256
6691
9517
973
5175
4875
1292
2559
594
8310
1598
8659
4572
8959
5164
9497
2009
4390
618
559
2206
4326
3086
5769
2479
1815
7703
3267
7572
4850
510
8
4423
8149
754
383
4255
1827
9273
6854
9419
4922
9030
6222
9085
7667
5181
5330
1407
6473
8633
6417
8723
8757
4552
6438
7200
3726
7509
5544
680
834
1018
1844
8299
8840
4472
7631
8370
272
5013
3707
7490
2532
6332
5180
5177
5081
6112
8751
6243
6892
2264
5432
6429
1829
3188
4293
4982
651
551
6252
4209
988
2723
1877
8669
4735
1317
3557
3790
2451
5637
4919
8085
9522
3159
5660
7131
8349
7937
3078
7997
6475
3984
4448
9636
9714
2355
8562
115
6062
197
4440
4468
977
2169
8093
9673
1541
4804
9448
1727
7621
539
1259
318
6537
1571
3232
8283
934
7172
4824
3368
6649
8194
3945
5396
4599
8346
4085
1337
7871
6717
7042
9289
4629
3494
6806
790
6603
2453
5758
9158
7590
3458
7426
659
9188
4840
500
2935
2137
5339
7814
2530
2752
339
1607
9313
9577
2698
421
3930
7414
2072
4285
7262
8555
84
7539
4703
5771
2381
4126
8448
3478
6038
2233
6465
1398
287
2719
6195
5399
563
6911
3714
8883
1429
7167
6485
5921
4753
8118
2533
237
6381
3364
5924
3376
642
3436
2750
4909
8307
3997
828
9539
1690
1064
7868
9559
5692
2140
3973
7857
5576
5327
9703
1947
7722
5915
1138
9971
3702
4039
2204
2424
2630
9629
1182
7321
5008
6423
9080
9558
7118
1901
2550
7918
4163
643
8111
3465
6976
7151
1894
1616
9545
9015
8970
7362
6958
290
2466
2527
8943
7202
884
7471
3546
1119
9415
32
7635
9336
9999
211
3597
5781
8305
1372
5853
2966
3568
833
4290
2770
4466
7040
8356
9393
4996
9893
2163
8412
7688
9138
5536
185
1776
6790
3766
3347
3676
2180
1176
4357
8033
7095
3332
1543
8174
2740
154
5881
1521
1861
8380
687
2521
4679
1709
2848
4206
6835
7480
6580
4483
1032
9278
5428
6329
3767
5595
5004
1366
7738
5468
4294
1971
4374
7264
6723
3812
6527
1979
2250
7534
6820
403
5152
4516
4877
2314
157
5502
381
4974
245
1359
7245
7365
3001
8304
1139
163
9571
5736
9092
4756
6679
7754
9696
9185
9582
1906
603
9464
9647
3273
143
6535
9381
4729
8094
4707
1503
2930
3310
5905
8728
5412
822
7463
4465
4351
3569
4366
4582
6985
7393
6539
9359
3059
5101
1218
8929
7468
2552
3720
419
5421
1414
3579
864
4758
2916
9809
638
8627
9761
3005
2953
5754
6117
9484
8514
1411
1392
5061
4647
1512
2309
7428
8652
232
5619
6219
1118
1809
2148
8804
3533
4238
1750
5225
803
7714
4248
315
4118
3141
456
3941
4588
9920
4323
5409
5964
4549
2721
5949
5403
1633
1780
4615
9218
2082
1379
602
8392
6216
2347
2772
7259
8926
1363
4190
5476
810
9126
8691
8112
9354
5647
9408
1205
1169
8294
7850
7391
295
6556
7949
7627
2318
7032
444
462
1957
4257
4923
1340
6283
9614
9854
5212
6481
2471
7155
2613
2301
8175
7465
9291
7420
8348
9556
656
8900
8284
5240
9240
3886
5372
2084
7769
7697
8791
9952
4726
6110
5828
320
7768
5914
5060
8636
5811
5648
9966
6973
6077
9285
1773
373
9847
5394
6923
6830
3386
5172
7880
5980
7977
2707
4859
4186
1858
4158
9523
1173
3115
1252
9880
8912
2209
2310
259
2496
7847
740
5040
4470
7169
6999
4244
2373
1524
2903
3108
8226
309
951
4716
8687
9916
4520
5671
4339
7637
9672
457
4639
2505
3257
5274
4906
1386
8779
6172
3428
8593
308
6159
6255
3616
8542
9142
262
5833
6420
1382
6141
826
7975
7615
7831
5876
9872
3426
1984
1370
6929
179
2325
9646
3757
2011
8256
9662
5562
8106
8932
4772
6082
1248
85
3939
6540
8826
5302
4462
6006
6231
5489
2876
7416
9423
2581
6757
7291
8497
89
9805
979
5032
8876
3669
2989
6642
8945
8567
2729
1739
3207
2881
125
9876
6557
717
3584
4847
3578
796
9078
368
2349
3047
840
8539
372
6588
1113
2602
7504
4605
1106
8265
2992
2678
5898
3607
2152
9098
6242
191
8939
6138
5463
1969
3534
5877
469
993
2125
5827
5288
6777
2862
2189
619
2549
1063
610
1270
8168
7817
4398
3245
9625
1831
5798
8449
7184
2459
1107
2994
5633
1374
7305
874
9071
6963
4567
1427
8010
3964
7815
4032
7286
9700
7445
4411
5904
6099
7018
5280
3289
3504
1239
2569
8138
7461
3210
7543
6114
4216
7469
829
95
9477
6463
1561
8764
1441
5110
466
4829
2632
326
8889
6742
835
3483
283
6333
8344
2961
5922
2216
9344
9112
2591
9915
104
7567
7443
8260
4379
3917
8869
2033
2463
2132
3734
9820
7048
852
4835
9222
7177
6295
5920
4094
4441
7517
9183
9491
1715
5044
4569
4965
4864
6982
4556
7320
4993
2488
701
946
9008
2460
9551
976
6590
1903
8253
3866
3322
1193
1597
8717
7986
2651
3258
5021
2090
3771
1613
4295
6225
9698
5316
997
4849
4240
2866
9395
8373
4866
7995
6643
3530
8800
1393
1594
9798
7664
1763
2867
9718
6812
9229
9894
7054
6134
7017
888
8427
2956
6111
7454
3852
4482
7649
7578
5446
1883
8547
5128
7570
8858
1999
4809
2749
996
941
8831
7917
2669
8238
6575
3255
9286
2977
2705
3027
7148
629
5344
5014
9599
9197
8974
1364
7006
3171
1023
3802
9919
2212
7450
8774
6267
7633
3721
1699
1619
9501
2010
8342
4898
6297
8273
1377
8393
6084
4916
9231
1227
2788
8173
4200
5887
6965
5222
807
3548
8805
9304
9155
2143
3535
889
233
8999
1698
7793
8030
7516
2237
4801
8518
4794
7137
244
7825
3773
7929
8519
9083
355
839
927
530
8720
1258
1708
5041
1576
6530
5519
2279
9499
9362
8688
1777
3048
831
9254
4666
1953
362
4348
2947
196
6641
797
6174
238
2706
3270
7636
7082
8054
7577
5751
4458
5306
2548
3882
5125
4788
3303
5893
3775
6692
7998
520
4796
4612
1693
1875
5373
6716
8120
7964
671
9169
9072
9247
5742
5089
871
145
7968
2734
7113
8171
676
2802
3209
8752
9017
7464
5911
4090
9356
3175
9488
5238
2922
5337
867
5912
4948
3891
3052
7953
8023
3618
5710
7278
9635
7053
3932
1485
6711
2292
7010
4990
2780
3587
2816
5268
6050
7613
1941
7902
5313
7794
2481
1707
2877
7255
5663
3263
2098
694
5138
6798
8501
173
7963
4830
8727
8533
5857
3302
9840
3425
4069
5508
7001
5815
2514
1356
7992
7396
334
8644
2430
8060
9459
1892
4396
4298
8121
3912
2121
2472
5098
2201
5768
3395
5418
8014
3135
1314
5408
4175
9036
8439
9162
7075
9202
91
3753
4903
4511
7330
7541
3946
8543
6763
2228
5493
5055
8719
2448
8983
555
579
5809
9065
8447
8695
4603
6503
3130
926
3284
4997
730
6284
5762
7178
1544
3015
3656
8354
4356
2323
5772
205
1798
6521
9364
4570
7530
6676
2024
2929
428
2081
8674
4026
3069
8702
8976
9678
7207
169
4066
435
8460
1081
9660
4297
2742
7551
8957
8724
2230
6942
5657
4347
4876
8322
8325
9124
2197
8178
4003
3491
838
6776
4182
7595
8512
7884
5053
1848
1007
5956
966
5546
2432
3992
4036
3679
5755
1309
9439
972
2238
9386
3442
3004
7797
5730
2905
9707
7091
2554
8220
5269
5241
6849
5398
5472
8052
995
5025
9783
2186
3654
513
8819
9261
9345
7057
9766
6993
3894
5080
614
5566
7671
2519
9325
506
5156
4860
3477
9603
1191
4512
2703
9468
1706
9209
6719
6671
7479
9091
5147
4546
7380
1574
9365
7896
7367
3225
1008
3037
9100
7865
3155
2154
4142
4803
2803
4103
6507
6028
5258
7406
8770
9473
9156
6090
3453
4652
2962
8384
798
1143
3524
8692
52
5308
1767
56
8874
2908
5271
174
455
6102
6658
6747
348
21
1785
1195
8749
6983
6828
6061
9212
8905
2696
4833
2129
936
6576
3010
3088
9413
7488
4921
2179
7852
4626
5715
6108
6955
4051
8811
2932
3323
453
576
933
7727
3797
5144
4040
1821
5033
2150
6293
2679
4586
623
61
1554
4928
353
770
6682
3970
6383
7720
695
5973
9684
4409
3745
342
4927
5279
7277
1127
9090
6637
939
1244
8196
7283
6902
1105
5322
60
4697
4991
4429
5223
9749
3872
9656
3389
4814
1796
3521
1929
6035
5991
7612
5307
7634
8842
7114
1527
9219
2658
6310
5628
9252
8403
9010
9823
4174
8433
509
6069
2315
1914
2814
5450
6097
3716
1294
8383
5134
3269
9744
2798
4097
8875
4377
2967
9327
9846
2003
6364
8353
496
4236
8117
6733
9107
8321
5931
8682
5747
1322
6592
5650
1859
6211
8279
7388
9064
1211
7237
2672
2870
959
4018
1954
5146
3562
6599
9943
8197
2331
681
3345
9147
7122
2728
7954
356
895
8251
5155
9542
2134
9555
5188
3433
7209
4776
3576
8479
5806
275
1246
8816
7242
9052
2306
9403
8230
5029
8183
6571
3360
1668
4070
5452
1196
7371
1490
8666
8933
8020
64
7755
6885
5859
4141
2941
1651
2023
9287
2541
758
8703
3729
7003
1652
9665
7766
628
9217
1993
9299
7981
2948
6578
4034
8139
1669
5465
4041
632
8640
7336
3814
4394
9208
4653
8579
3513
4724
1181
9508
1263
277
2395
434
2964
8966
2203
1410
6768
1243
8721
7382
8192
1045
4418
8202
5618
7165
5620
5150
5296
5564
2345
2240
8796
9753
62
849
2409
1156
375
5860
499
1717
6060
6263
4168
6188
5242
6327
8361
1330
3356
3715
6113
5282
7293
6137
6235
3226
1453
7280
3904
7692
5819
6852
3632
8468
305
6135
4382
8849
7028
8165
7269
8857
6331
5987
1522
6375
2612
9073
1121
7385
9330
9891
1775
8808
7993
2681
9478
8649
8422
13
1458
3176
3718
4430
7440
8812
8470
4929
7130
281
734
8130
7226
8419
5099
5285
8754
8291
8209
117
6124
168
6227
1615
760
9740
6349
8499
6548
4672
6700
2895
4171
2467
7746
866
4111
2144
4477
8302
8375
2468
6753
716
5445
9243
3252
5721
53
7466
5726
4194
8714
6434
1380
1580
6919
7282
1128
7524
4783
3466
6382
2997
8947
5641
5105
9944
9945
2538
1384
4205
3102
9512
216
294
413
4166
2917
3404
961
5545
9799
2715
1360
5356
9479
486
6273
1183
2091
3370
5803
6358
955
2251
4133
2993
4611
9737
9410
6328
6956
1216
9712
5799
6115
6498
6833
4443
1874
9716
6799
7070
8609
8276
8523
7819
3112
522
7211
742
5731
137
8200
5194
8534
2631
4695
8899
9472
2165
370
6834
5326
4154
8417
2308
1905
2067
6693
7658
578
9378
7477
6443
8998
6257
5367
6460
3432
8184
9128
4648
8838
6119
42
1774
7292
9088
1835
5158
843
2776
7881
4406
2954
93
545
4617
4621
8016
8399
6129
6260
8830
707
9593
6688
4688
3082
5941
5007
1572
6573
5907
7924
2587
3574
879
433
9150
9274
7368
4130
4198
5812
2289
7036
7875
7867
8450
2192
535
2337
2622
3028
2714
9816
3792
7643
8232
6052
1245
668
8864
6990
1972
644
1238
7156
1804
6499
749
5801
7267
8469
8134
6340
8803
9738
756
3419
1819
186
714
7092
9825
8076
2174
2531
2498
9883
6201
1184
9099
4008
3897
504
3580
7333
9032
5103
3763
2650
6735
9303
7990
5794
4010
8474
2035
4710
9675
5779
6759
8406
4873
48
9557
1904
8530
2111
4696
8101
2856
1299
4625
1801
3541
2388
9788
8788
3296
3835
1053
4101
4345
6587
3668
7297
7206
4125
3008
1171
8938
338
9988
9069
9564
9811
3839
5233
5171
981
5961
2824
6289
3501
3122
3544
8318
8476
292
9709
3029
2378
1400
6632
1885
4645
8591
8315
9431
4156
7744
3089
1931
787
2372
3893
736
1470
2522
4596
3816
9842
6746
4545
1899
5612
3779
2425
6197
4813
7775
1641
1913
8309
5873
3909
33
5498
6706
537
8142
8237
5436
586
5195
35
192
1443
5002
7706
8462
6981
6887
9859
4523
4291
2374
5720
2923
3532
1336
9241
3454
6033
816
261
9553
1137
1279
1115
1286
5690
1267
2858
9965
7234
5416
2008
5533
178
2600
9588
767
2153
6847
5484
6622
4981
585
9796
6068
2313
5760
2341
109
515
7869
4388
1924
984
661
6131
4725
2614
1323
3619
6234
6055
7067
2295
3795
7266
6843
3206
9565
9290
1147
5539
4364
1783
5971
8025
7874
581
5429
765
3689
9691
7840
1065
1705
7877
3195
5668
1945
9976
1005
2983
3834
5102
1599
8566
4816
49
763
965
9153
461
3685
2086
1335
331
1608
1766
4674
7899
8736
6635
1942
2517
5756
6414
622
2586
3093
9368
9528
165
7212
4891
8645
6367
7374
5942
153
9238
7355
3161
4601
495
3023
2220
9909
6193
9456
2470
3547
1084
8903
5275
3085
3424
9020
250
8303
2570
9355
3105
7124
6560
498
8881
9806
8049
3830
503
6703
9602
1952
282
2322
9668
945
3660
5998
8435
6390
6436
2267
4497
5317
8526
970
9503
9813
6249
129
8603
560
3769
8108
2266
2914
4375
6355
4453
1444
9563
7279
8888
9611
6256
2931
8683
1226
8601
9569
7179
7796
6925
907
1043
8039
6724
4480
7756
8624
3110
7133
152
9817
8244
2387
4761
774
8006
5929
9257
924
9399
7195
3663
1034
1114
8985
8153
678
7303
8233
6952
5603
8898
7558
5543
7603
2464
1197
4439
5334
7035
6681
4112
7861
1806
30
4384
2077
8611
1987
9830
9994
3990
4312
786
5352
5551
1918
4668
6808
6517
7908
8343
705
2348
2227
5003
2164
8677
9975
7140
8037
9901
7029
6855
9383
1362
5321
8568
2970
7702
1148
7427
811
1415
2327
7478
8564
3352
7555
2783
12
5357
9350
9179
890
5369
2384
1404
5299
9239
7717
7024
1011
1140
6743
4246
2477
1923
6430
7891
5807
1269
4843
7644
3699
731
4895
5506
7849
1516
5293
4263
276
6948
5676
3204
8041
7795
306
4436
7328
8602
1974
3147
9284
3156
4189
7531
4701
6136
3717
2239
1716
9745
2565
3573
8207
9382
916
2391
4104
9215
3249
720
9009
4786
1029
9938
1915
1076
4505
7253
3157
3743
4755
6714
9907
8193
5370
9594
5766
3199
1031
8269
5520
9134
2763
8758
8835
897
6593
9384
4311
9149
9717
5917
6001
4646
4229
6336
5482
6538
9892
4088
3038
377
7579
9644
4925
9910
4757
7978
2673
8746
6504
1585
2702
3746
6446
3643
9430
7265
5310
1925
2748
1814
5850
708
258
3410
9151
5065
9148
3430
7710
5752
1728
3528
2710
3264
1678
5439
3935
458
8902
938
9244
1256
2859
7487
3724
1290
5494
2605
6962
5121
364
6900
480
5347
3490
5974
3954
6552
3055
8478
9516
3638
1348
1021
9226
9321
20
6813
3113
5883
2344
8896
8585
4555
669
8931
5294
4412
3486
3813
6387
9764
4768
1365
3623
6373
1152
6881
7527
8438
476
3756
1849
1682
2840
1499
6657
9429
4609
4938
7298
3833
2604
762
1219
1375
7862
6867
6944
8254
6731
5664
6856
896
7329
4299
492
7520
5050
7936
8661
6301
7183
9351
6072
9093
5940
7506
3567
5823
531
6636
6738
8668
6042
424
7890
2999
6800
2326
1639
6262
9029
2955
1120
4005
8837
2428
8065
1228
204
411
3240
7842
956
9560
5314
5209
7961
9608
5189
1160
2852
5748
5610
3522
2648
1004
8223
6440
8935
2062
2572
4737
8513
1253
3463
7434
5864
8950
7501
1381
8213
8777
5993
4007
4153
4620
4618
6164
6253
5199
4500
5995
4365
1395
8389
7273
5943
9850
6888
1964
7576
5953
6150
6906
6458
5787
1003
9908
6525
1225
5589
2038
7399
3461
6524
2350
3995
479
5200
5304
5837
8516
7228
4871
5704
7565
7773
8772
785
3251
2984
4964
5298
7691
7437
732
3561
6627
7049
1910
6171
4028
6872
5952
1312
6748
1537
2596
4887
7246
354
8141
808
8839
9385
5818
3918
2965
9733
8031
544
7629
1539
7856
9271
9053
5500
3764
7071
2649
1235
4937
1586
679
1720
3986
6928
5932
5239
1816
3851
6810
5133
3340
7759
805
9720
3181
9543
518
2583
4045
6447
5989
4278
1701
4247
3885
9959
4918
508
4896
2578
5126
6664
1033
606
4522
854
1922
1582
8382
8357
7587
4643
686
8651
4277
207
8105
9170
4461
8352
7117
396
7553
1939
9116
2490
5067
1108
9967
8641
7851
2076
598
463
98
4759
8376
6660
8822
2027
7605
4446
3077
6218
7400
2820
71
2274
8387
2461
7198
3234
991
2012
8904
2567
2745
1457
2032
6354
6467
1417
6469
209
7745
6343
1529
6317
7647
3431
2621
7232
8143
9474
4782
645
873
6697
9618
2807
9469
6126
1262
9500
429
8195
1215
6605
9068
2774
3277
963
7679
1611
4000
1573
7609
682
5891
4857
110
6737
1502
6646
8787
2500
647
1474
6173
1339
746
861
7503
9650
7390
6070
5580
9913
445
1869
5765
7586
4671
5292
4343
360
224
2724
2437
2646
8915
3030
3383
6198
2680
4469
3989
8210
7574
8103
3339
271
6016
3000
9736
783
5786
6502
9465
3586
5350
6533
9869
7392
2982
3847
9617
1342
1536
5459
3218
7512
5218
693
6506
3942
9812
90
5970
1074
3670
6261
9275
556
8940
4573
2155
8453
38
3
2360
5362
724
5042
3551
8745
3582
8066
706
917
9895
8646
2741
6264
512
8329
8013
2894
8405
3304
9843
7843
2577
8199
6883
2061
112
4467
9954
8868
1478
1142
4878
6482
2285
2738
2210
1587
723
2487
6064
7105
2298
8598
9986
6946
6021
9139
4167
41
6275
2639
6822
4593
795
2185
5264
5174
5281
6418
2846
7398
322
358
3661
6926
915
5604
4558
3590
6466
3588
6221
727
7050
5333
1980
452
4393
7319
554
4853
5906
7304
6076
7153
5379
293
3063
2108
5749
1288
1273
5078
2897
1475
4885
3262
2617
5386
633
7216
3449
1126
4011
1255
5530
3002
5427
7923
3549
5388
5795
3250
6158
5656
7743
6785
4099
7529
1419
6604
1158
9300
3667
2796
5096
6078
9746
4832
9379
8848
1802
9335
4828
5593
4071
6821
7753
1214
3293
589
9198
2988
9538
6782
2497
7379
8164
8132
8471
640
5086
401
7441
4951
7164
8860
6903
6980
3283
2226
1432
2536
4989
2491
2534
3294
321
7676
3873
7765
2880
5773
3868
7897
422
7544
4839
1054
1686
220
5365
9750
4908
4237
4865
6792
7882
9815
4114
6098
5311
8377
4303
7449
9447
8420
7872
9983
1731
2753
4139
4077
9931
6598
8458
6916
526
1134
1884
9272
8580
4341
5058
4867
4736
1962
7171
7665
7575
3602
8809
9406
9699
9019
3013
2402
6186
2699
7742
5638
3109
8340
5594
8829
9235
3840
5478
2159
6869
6793
8521
7662
978
5501
6905
8807
3545
1101
5469
8664
6917
2
2287
4656
7123
2691
8436
4812
2017
5095
1094
9190
8169
6484
4589
6989
380
8663
6003
2050
4202
193
9713
82
7942
9600
5994
2092
3719
5425
379
4680
9108
7750
4793
1061
1471
8228
9119
910
7383
507
713
9719
5433
8040
6081
4784
8554
2031
6780
6106
4869
8351
2385
1358
6214
6559
4706
5297
8072
601
3659
3411
8068
7687
877
3929
18
468
9535
8921
6890
4178
243
4969
2113
46
1912
5601
5250
214
8019
4881
6601
5890
8267
1451
4584
2598
7157
4340
5886
6335
4485
729
6862
8018
6122
5829
5872
6386
1927
9638
1098
2335
1017
1505
3180
6490
5287
9210
8119
862
3422
9886
5728
7583
3237
9865
7180
3677
8465
5928
2485
142
74
6118
4488
6180
8699
1229
903
7189
5244
8078
3172
574
1760
7143
9141
5592
8374
3092
5740
1194
2733
6950
1472
8102
1036
3755
9755
6970
8338
1911
9794
2338
3781
3317
6063
2641
919
6305
3021
1058
4708
9317
4774
3103
4310
1281
3380
7651
485
6629
3260
4349
3080
9363
4355
7824
4397
81
2659
3091
2157
6581
9404
7344
3804
8763
6529
7187
5458
3875
728
9670
6609
9801
2339
9263
7925
9628
1684
4043
126
7569
3365
9277
2634
4498
3899
5305
5867
8426
7716
206
7251
9937
5120
2695
4926
2094
5208
8236
344
6237
9642
8198
7014
7883
4598
1920
1345
8467
4826
1746
9956
8882
9081
5201
9159
1326
2006
4746
6057
1517
9715
4359
6690
4943
4745
6760
3738
1744
4820
7913
4442
2692
5019
2277
9730
2944
3266
1685
2156
1213
1946
474
1563
9460
3785
2097
7238
1287
1198
3407
9166
9834
7731
4988
3247
1048
3832
5243
2709
5518
2624
4428
9912
9130
7186
5563
303
9879
8657
162
1992
6528
6142
3735
3235
7044
8188
4076
6616
5866
2921
1250
3009
7059
106
4309
7709
2231
6166
4334
5480
5935
2666
5856
3134
5495
880
161
1533
3860
4508
9220
3145
1723
8089
6661
1618
712
3187
1209
1075
4358
9793
2907
136
1601
3212
8823
7068
9228
6071
3520
3214
9887
5759
6969
2713
4286
2224
9096
4064
9167
4170
7650
6404
8969
3820
3943
1464
7966
8762
2019
3700
6426
8191
6871
8527
8884
2015
9641
6032
3393
7331
4893
9925
3723
960
3613
8490
4882
5625
1112
8536
739
2717
7272
2539
6907
6730
1812
7444
278
16
2872
6232
3042
8865
9804
6306
2553
9157
8098
5727
2918
7757
5301
5992
436
3650
8248
3666
3064
1024
863
2769
5880
9824
1357
9649
7397
2198
4389
9604
8817
4627
219
9168
1207
6894
7514
3309
3575
3324
9848
8494
4183
7778
804
1830
2354
3468
7008
4607
3961
4383
443
7395
9596
6910
5108
9961
4936
1878
3402
5237
3191
2520
6176
6744
9074
4897
3215
577
7313
4879
1745
5871
7985
538
6397
6677
9482
8615
3742
4734
6246
5229
4129
4261
3025
6750
1338
3572
5708
7126
7835
2831
7859
1204
5447
4444
300
2166
6182
2722
5889
6979
6967
1277
9144
8715
7424
8572
6281
4315
9145
6762
4935
4319
9440
7299
7674
5197
4289
5059
9132
6445
4638
534
3070
311
7546
7244
9973
1826
9111
6040
4529
1361
2474
5997
7078
1234
2899
4987
4781
1790
2294
1088
7227
248
4475
3150
4961
1177
1109
9802
4765
2083
7249
3598
3542
5649
1940
4606
1596
3239
5767
3139
1900
5602
1153
5272
9584
6309
5499
8599
5309
6133
2697
7892
4771
2297
6259
2312
3846
5878
9509
1890
4385
5814
744
8127
7515
8946
6286
4367
900
548
2744
6909
1742
2760
6012
1583
1758
4837
8363
9921
6863
2906
4767
6107
3208
1083
7240
1973
3731
4664
5093
1959
9312
223
5842
6500
9011
2758
4107
8630
8140
703
7854
8918
1837
4676
4075
1092
898
6756
7734
6497
7462
3416
4920
3073
8524
857
1146
2364
3003
2281
9964
7389
2755
954
3024
140
4752
5996
4992
6553
5245
4024
999
9962
2414
8614
4675
2278
6960
752
7853
5896
4791
324
7456
2804
2973
246
3681
983
9177
7790
8487
4273
5163
3354
3040
5109
8667
6696
6579
8423
7261
9084
5406
8166
6994
1446
9175
8771
6572
9260
1665
1117
692
239
6752
4155
2382
7312
4120
1266
5076
5211
5674
3331
3290
6972
1013
4633
6411
1020
4140
1230
2305
7655
5895
573
9592
1719
4228
3801
9256
7472
6210
5640
2436
5686
6157
9117
6005
3944
5107
8075
1208
672
9191
597
6279
4279
733
2483
6294
2879
3845
2124
8836
2855
9972
2253
7989
4650
1320
7025
990
8766
1476
1319
6268
8227
1873
9534
8825
9492
8364
588
1975
5397
7927
5984
4590
2025
3770
55
4109
4741
6116
9002
8794
870
8270
6308
4269
6441
3165
6181
6074
654
388
7056
8170
340
6230
1388
1660
2952
7300
5701
9181
2563
5426
6095
3342
6939
1391
9407
7566
2957
2320
4492
9536
1168
1111
9655
8637
9494
5295
6770
5983
2342
4790
1762
5231
4580
5114
2411
4624
4214
9018
8320
4733
6951
9782
5802
9637
6389
3213
3075
3849
7274
1161
975
4632
9301
176
2139
1958
3119
2847
6494
6251
7707
4754
8008
3923
908
6829
2793
3664
5858
912
4087
7372
8662
5083
3471
4581
9990
8250
7063
6027
9871
5511
3044
8296
3641
5937
1630
4509
4254
5693
721
1794
2217
4360
5249
3326
2426
9781
6018
8520
420
6846
2819
6187
6296
4208
3476
9371
571
5655
9047
4054
4760
6480
86
9866
1562
4451
9370
974
7489
2574
1824
3307
3397
5698
5012
9970
3182
6041
9530
1612
336
1378
920
7601
5113
8498
1588
1236
6882
6511
7611
7401
677
4587
6647
253
7969
328
5345
2687
4258
7060
2529
1086
2119
7340
2985
3824
8726
1296
312
8222
1655
4966
8954
9268
2049
9905
9164
7127
1768
7494
478
5965
4844
4506
4091
7675
8582
823
9453
5456
8606
5934
3312
6408
688
8011
2403
8152
8005
8676
3907
2365
4870
7532
8407
4655
2265
543
5607
6884
6663
9664
2259
9310
2435
3462
2056
8686
7233
5977
9253
8350
1663
7037
6315
9438
6668
414
9645
3778
7976
9349
1839
208
105
9027
1073
7806
722
9549
6370
9902
596
4517
7737
8003
2978
2864
3344
7518
4196
8588
1995
437
240
9832
5646
6626
2445
2786
7000
1090
9541
254
1650
664
5069
5491
4657
8656
1688
5957
8162
9742
8828
6304
121
5615
7960
3980
5505
4747
6089
1480
5217
4591
77
9507
7322
3919
1254
6600
4770
2456
2151
7646
1418
9006
5402
552
6938
1889
25
3337
5084
7945
9615
3405
4641
3614
2343
5024
5462
7979
5955
2778
2584
9152
3460
1479
2296
4503
4527
5000
2191
5723
769
3589
9005
9495
4838
4222
8629
6056
4495
2085
2561
5967
9485
2946
9890
8235
9467
5479
4614
7289
3500
2555
6348
627
6949
7484
7403
9674
2674
5117
40
5410
2438
9787
1646
4457
3827
5267
441
9771
6765
6836
8429
7215
4494
1187
8934
2588
1725
8867
3132
4863
2959
1704
6568
5247
8099
9249
9878
2593
8855
7855
2882
5392
9412
741
5340
5683
7829
83
9089
1657
8845
2104
4960
2142
2936
2280
4220
8430
4136
489
7725
3390
7505
3837
8434
6772
3955
9726
9950
1116
6501
2246
6344
3202
549
7931
7275
3958
2449
235
9623
327
2375
6203
9352
7163
7701
1454
7168
923
5159
2543
6169
7011
3205
3662
8379
8711
8275
3682
7659
2764
3892
3956
1087
968
1967
1982
9449
9189
9671
8488
3722
3805
29
11
9739
3061
8597
9061
958
280
6250
8029
1149
3286
9858
4055
8004
3087
2321
8790
2127
1200
5800
7498
7229
3012
8395
6380
4874
2336
113
5203
341
3807
7098
7102
5527
3278
2912
8046
9358
4048
5672
1808
1676
2884
9778
7747
1671
751
6565
8336
6582
1863
3189
9016
5810
2656
3417
2951
6151
2888
7031
1515
5963
2103
1882
4210
570
1271
1818
5151
6184
9870
3631
2406
1567
7482
4889
1179
876
4275
5444
3149
3166
8705
3819
9751
3765
8028
319
6784
8605
7135
2934
1268
905
5863
5460
8861
4332
3329
5817
2528
8824
1755
8480
1301
4030
6130
7500
7438
313
3178
6025
3540
6699
9331
7366
4080
6324
2055
1102
490
3950
6545
2642
3435
4249
4191
2181
4092
7711
2682
6957
7285
7225
3728
2751
9974
5634
9051
2654
2095
6011
1082
7696
6996
9211
487
8057
8708
3167
9082
5182
2785
6914
1675
8330
957
7549
5645
7323
6864
4049
103
73
519
1555
386
9583
7895
188
1354
6337
4089
475
5665
6611
1455
813
1713
7317
824
505
2606
8679
3164
8880
525
673
675
9725
7119
4115
9991
3696
4502
5845
8071
4478
9013
3007
6845
8814
1575
7663
8948
2334
1491
1328
3911
5523
4169
2779
4121
8410
6740
9774
2270
4732
9524
1557
1459
9532
1241
9375
8059
7065
4684
6454
9981
4715
7138
9570
8541
700
7217
1823
8058
2410
2767
2768
1265
2844
2361
384
9154
5190
1180
4541
9598
3125
9639
7491
6007
3216
4022
7932
1752
7704
9836
5614
9302
8288
472
3988
7201
6427
2589
120
7203
4134
8594
58
846
1507
8408
1545
9114
3926
8372
7447
6223
9856
177
9101
7107
9293
9095
7384
7161
3455
8298
1741
9137
962
3878
7257
2889
7580
8145
7064
4471
2047
4082
7562
7144
1811
7999
5590
5071
3414
8484
8345
4568
9807
5673
2416
2225
5933
9323
9616
929
949
3281
4699
4122
777
6773
4862
4354
5387
2058
2054
3100
1770
6803
5684
3406
1461
2633
5597
3045
1795
3153
1635
8952
4941
7176
7248
8920
6814
2842
3148
5541
7597
6451
9955
1096
7252
6594
7410
3538
7125
8735
7783
5774
3703
9979
431
2028
1416
8218
6320
8871
3825
2542
9918
6194
2276
7220
1800
4851
7208
4972
3361
2789
2580
9143
9953
8927
8323
3591
5624
7536
1617
1600
7983
944
7094
6705
1552
6288
4063
1210
564
9775
26
5136
2794
7652
9296
7411
5054
5848
7281
8272
7909
757
4029
5841
150
3328
667
7270
1298
2222
4095
4636
7346
3116
7318
6245
9676
3095
7221
6842
3017
4350
8760
8546
8540
5115
6874
1769
7193
72
1944
5919
5381
6978
7660
4056
2746
4402
7099
7284
5215
3067
4682
3396
5364
9337
3438
4531
8110
7965
1976
4117
6024
7593
8167
8398
8739
2107
702
4452
9741
1734
1556
2176
1677
2509
5504
8035
6613
8482
1513
8416
6282
1341
6433
3762
3057
8454
711
7573
698
59
4623
9204
5028
3441
2939
4973
8261
8048
1978
2482
8852
8100
6630
3185
4750
3072
7175
2149
4320
1772
7043
3671
9587
3698
7820
850
8643
4998
5936
1642
7015
252
9762
5694
4499
9589
3526
8137
2196
547
37
6826
465
7055
6015
8290
4764
9729
9690
6189
6489
9338
2797
9841
6567
4184
6140
8365
8055
2573
8862
6541
1893
3780
1797
2069
2394
6859
1318
8587
1434
5548
6638
4597
3272
1452
3343
2260
4490
4027
7980
1787
7805
6093
6505
8993
407
2311
7602
9044
2660
1584
613
2173
347
7436
8573
7074
9833
4435
7235
7360
4957
4739
5831
8750
592
5978
6146
6105
5753
3552
483
8187
6589
3740
9343
6384
837
1602
8586
6462
9857
4953
3408
2810
9104
2145
50
3452
8782
3114
7677
9863
2051
1223
6704
251
580
4387
9767
8713
7732
1346
2873
1779
7109
4665
3200
6413
6437
9163
365
5578
2996
860
8885
9281
3871
4967
2286
2718
4252
4934
5528
9987
4585
3464
6841
6933
1702
5354
9864
9409
3388
2245
4160
899
3565
4283
2663
5371
2826
3137
3555
8833
2100
1460
1832
3469
8870
2665
5497
6779
2716
5205
8972
3788
9776
7435
2860
6558
6202
947
8522
256
8461
2418
921
7947
8893
4811
7926
139
1857
5395
6206
501
1050
3049
7656
5162
7361
7905
2059
3098
9711
2937
1062
97
7893
5821
1659
1591
5699
4554
5569
7752
9884
5525
9242
865
8550
9389
1722
1091
4212
8081
2766
6008
1960
6215
8901
7548
7545
8987
1189
557
8622
7442
446
1304
593
132
7804
1488
4132
2396
5169
8409
1754
2875
9186
190
198
7415
1035
5449
3022
6761
8988
5359
4304
7623
4147
5579
7510
8189
2958
9837
3828
9980
7141
5481
4628
265
7166
4179
9193
3523
611
5417
8466
964
3686
3648
3711
745
3229
8157
9773
7900
7363
3974
4408
8778
9422
1609
781
6927
2643
4722
7190
5830
7106
3280
9376
9388
7404
3173
4924
9339
809
2115
1355
8147
6544
3336
3905
4670
4399
5220
9003
9214
4424
5251
3688
6718
1759
5255
5990
1577
6483
9347
4161
8741
6248
6715
2329
1955
7837
9595
565
1691
8613
9527
7776
6200
3967
7657
8186
6713
5219
5700
6492
6877
818
7356
8401
9808
2625
4834
3644
255
3183
6161
2114
9997
7557
4062
3443
7012
9682
6276
7886
7007
4152
4306
2131
9483
9795
2732
7154
3509
7958
2300
6048
3315
3320
7453
9605
9237
7641
484
8287
6143
7
1628
6271
6684
7027
7115
4144
2117
9926
6468
9633
4858
2799
4980
9756
2857
8472
5170
47
4539
9732
5336
5813
6520
3902
1302
4413
1653
7839
868
6585
8866
4307
2073
2211
8243
5070
8182
317
4900
8648
9035
1136
6961
9705
1406
5366
6519
7588
7552
5529
69
7619
2503
5509
1603
1751
9037
6272
6148
3104
1526
2415
3058
9297
3605
2822
6707
4445
3054
7205
2913
5584
1019
4822
4336
9860
7693
2933
4799
6879
9251
4535
7158
4880
878
1694
5441
6431
3962
1310
8335
5490
9855
5411
8799
6614
5165
4886
7072
566
2014
6695
3121
2123
9704
2627
2064
4193
5791
8673
6424
9765
6935
612
1748
8553
8208
3291
2950
9329
24
7628
7889
5568
9679
7476
4999
3079
8680
3806
2195
2675
4318
7315
685
5213
5538
3193
1548
1643
1389
791
332
8163
8311
6650
5184
5122
699
7112
1620
6583
4594
9803
1097
7686
7254
5882
8234
7058
4199
5263
5572
7041
6079
2735
3415
3876
3993
3334
9613
1282
9511
9622
4792
4404
2806
6442
6710
6786
9165
9361
2940
7792
2075
3230
1249
9489
2515
2526
6913
4613
4743
6366
7108
1057
6088
8592
894
8556
2974
7353
8704
409
7256
3537
5785
3186
5688
8878
1724
9607
9369
9977
4949
7547
5695
267
9059
8544
182
7991
2805
8074
1385
7906
7492
7948
376
3338
6550
7666
4663
2976
2835
9995
9653
7421
9079
8978
6452
7409
6493
6617
6407
1532
9042
5047
9580
2924
6832
1217
806
1170
2367
7341
3736
87
1828
1185
8452
44
7751
670
5514
8455
8056
4218
9432
2647
8444
6290
6895
6026
6372
9572
1711
6238
9609
7110
4693
2991
1
1496
4416
8660
2087
4021
4986
2492
310
1291
7661
9772
7592
3265
5999
1714
6932
986
2444
6899
6509
2141
4391
5092
8910
6876
5198
2283
9106
3140
8725
6518
7309
7809
2727
5377
7386
6794
7511
2825
3749
6754
5111
2795
6054
1738
286
4044
6199
7770
8214
8956
3026
5709
5608
8872
481
3913
2160
7787
7718
8690
5702
4868
2275
8114
2980
7786
5550
6205
841
3564
2162
2218
3782
2036
7306
3867
3403
2243
1926
8043
1157
1247
7950
616
5679
825
9427
3123
7640
5852
5643
6971
9996
2330
8768
4956
2743
9266
5453
7223
5846
5192
2495
5252
3242
217
6405
135
7682
6549
8217
7263
4691
1881
1622
3412
3536
7911
2101
9889
6459
6860
5577
5467
2247
6783
801
1721
6618
3457
6031
1056
5451
4181
4536
5023
5332
9357
7591
3758
7910
5927
1581
3741
4004
4454
887
1371
8129
9390
432
1551
5560
3687
4914
9693
1506
7357
2419
3308
7241
1542
6818
4434
6359
9888
8693
3288
1664
1753
5535
6065
3940
2273
6455
4282
5861
3233
7497
8062
8576
138
2995
6104
9993
3842
902
5422
9505
8962
6385
3853
1276
9949
6321
6984
1012
5455
3459
9659
3634
3238
6995
6448
5265
6421
3492
1489
1144
8211
8846
6165
2249
773
4337
9360
6241
4473
1896
6472
1347
9171
1329
159
6316
6975
8133
2405
630
9784
3349
1781
5116
146
3966
1610
5675
1817
3553
225
7749
8331
2829
1242
8612
3378
6409
6091
2644
3787
7708
9897
3373
5382
6662
620
8773
8753
8827
5717
4215
6781
8616
5571
5716
8312
4213
4486
4977
7813
4474
9763
8780
1167
4425
1009
5554
8116
1852
5283
5492
7020
5346
7713
985
6936
4046
1634
2619
2307
402
3437
6898
7016
2898
8161
6392
9135
210
1426
6767
2044
8159
1440
1534
5303
9077
5613
3084
1237
1233
9486
1683
3581
323
8473
3571
5030
2938
6486
9601
8847
9914
5792
5677
3916
7121
7324
2423
2571
6168
5072
3019
750
5079
1747
3353
8596
3043
215
2002
2671
1077
4740
4009
5598
6880
2182
8425
7152
1390
8986
2725
5477
8177
3593
8144
2207
5353
2546
1352
3786
345
4333
7327
3292
6577
4884
2060
8268
2252
7974
3372
5006
9230
8558
7784
6889
812
3381
7170
8084
3829
2693
6712
9667
2282
7271
1938
8981
2620
9328
7258
1133
3936
1435
3299
6236
423
648
7452
9548
7295
7533
8012
4819
7622
836
4789
4368
9800
4557
5985
8324
3482
7308
3985
304
3222
2257
2850
4197
5224
6053
2900
8135
3041
8854
9334
3510
116
5902
9934
9626
3350
3965
3811
7100
3675
6207
6313
8421
5228
6526
5404
5442
9195
5797
9308
4081
6602
1165
1983
3106
8961
5488
8385
1368
3146
6563
7885
3706
5874
1553
7352
2773
5899
4151
7513
9314
3901
7310
1316
393
1099
2998
4419
477
9187
5981
6353
6086
8368
9001
297
6083
3439
3626
4432
467
5129
4815
9504
6488
2664
6
9063
8451
5038
134
3744
553
3996
28
1413
9681
5056
609
5270
9122
3493
8575
4033
4100
9581
1315
8733
820
1430
400
184
4562
7523
2759
9007
5524
7335
7550
8980
950
911
5574
3884
430
6406
7142
5088
9033
7826
8604
5276
19
9140
8761
3737
4600
9060
9346
7928
3908
2960
3382
1792
2911
1070
6838
4316
3646
2761
8859
2442
2886
4561
5513
6478
410
6017
2690
4622
6192
2968
3794
8124
3539
4370
8355
9540
1493
488
7846
9978
5123
5777
6399
7903
1520
982
1274
5487
5153
7525
9982
8247
4296
2990
1872
2568
7499
497
6476
1497
7294
7956
9161
7162
636
1059
5570
1644
1206
7695
3674
8255
7801
4110
7626
9309
7378
2214
6345
9496
4501
7433
3637
7174
9184
3543
5363
2726
7907
8698
7694
7833
5724
1190
1188
8347
8793
418
8681
4769
8700
7870
9012
3450
4575
4842
918
8327
9831
241
4195
5035
399
8069
2739
8743
5947
4317
1590
5391
1307
4773
2328
1350
9567
2551
5082
4831
1030
7219
1919
5375
9852
2088
2775
8332
8886
1891
8923
4763
5951
8784
8047
8088
1283
3287
6292
3577
5414
439
2236
7022
9708
9318
4342
7630
7944
9199
5611
8989
6802
8246
4519
350
2358
449
6039
9513
2902
3983
4714
7672
8851
6422
3554
4968
6694
4162
9436
1865
167
7617
1970
4963
7199
3865
7236
10000
4892
4902
1621
263
788
9424
4950
935
8446
9769
6893
2686
604
5885
5938
4201
1977
4952
6659
1300
8486
5278
5526
4105
3179
9475
5588
3693
881
2712
3857
5617
9640
3709
8443
6059
5681
9295
5719
7799
4649
2290
5106
639
4694
3566
989
2506
9192
8442
9103
2579
6825
7375
5900
6415
8231
289
2116
7712
5764
9457
6325
9963
6101
160
1788
3960
1834
1856
528
7475
9490
7561
2244
3327
9176
351
9685
9849
7812
4239
2502
1658
8930
2000
6670
9196
6080
9939
3952
2782
2248
6608
9026
6531
8063
3951
6734
3683
1994
9224
3817
7326
817
1624
5454
1436
766
7568
8259
542
3014
5052
3387
1933
883
4543
2106
7673
8650
6323
5689
4253
2808
4583
1508
5761
8815
8678
3673
8738
2925
2592
7772
4798
8583
1387
3821
5680
8979
5510
2389
7683
5206
7458
378
7268
2747
7423
4637
8863
2353
568
7376
561
4405
8001
6220
5077
5549
8913
5733
5068
6824
1278
9829
9748
8317
1880
2128
9133
1674
7930
1710
9066
8873
1040
2340
4116
6247
8801
8907
6751
5968
5137
1550
7563
6352
6805
4270
4165
8732
3934
9529
590
4086
3877
4547
2412
6569
6686
8009
6725
967
366
4749
1680
1311
8362
5202
6346
9814
2346
2269
2981
7051
4751
7705
875
3563
4521
3776
3126
7369
7972
6491
2564
8742
906
7083
8225
3928
8123
1789
1528
1396
6374
36
4944
8109
3351
1729
9498
1757
6183
2093
9942
6175
6623
4932
9663
9948
131
9394
3678
3803
5658
6844
9441
3697
8070
725
6123
7046
1060
5711
8463
6865
228
4559
7941
8125
4975
650
759
4057
6356
1841
1135
8097
952
802
3640
8286
3032
1961
8151
5854
5130
9201
3062
3622
2635
5521
9425
6701
5910
9562
273
5483
8027
2234
8073
8326
5851
7726
3987
2065
3282
5678
6839
3850
3487
4230
7962
1697
2971
4742
6827
7777
2661
5626
9525
2400
4447
2096
4578
3169
8045
1965
4542
9818
885
5448
1303
5718
6615
3285
2376
5531
6918
2351
4074
8623
5210
4463
1846
9810
7938
527
546
4096
5485
7584
4023
7811
2833
5783
4484
5235
3826
7616
502
1186
3194
1786
4058
8206
6298
9262
260
6610
8388
6368
3224
3883
2694
8104
298
4899
9896
2757
45
5022
2363
5051
8333
96
6287
3915
605
7748
9606
2112
608
6239
1164
6570
511
3931
5705
3594
9652
3313
7758
691
1656
3550
2511
4958
6066
4487
2333
2883
4939
4489
1654
2489
6866
6155
2079
6920
9435
8917
3920
1495
5537
149
1293
9442
7204
6449
6170
1681
697
9028
5179
8107
4971
8185
7145
5591
5016
3177
2576
6270
1093
909
7247
6160
8050
4217
2652
5435
2843
3914
6685
4945
1131
7192
7038
9270
8015
8709
9546
3434
4915
7128
3363
904
7370
8850
4692
2200
3624
5834
2865
8531
8397
7648
8953
8038
3124
440
2813
9398
2508
5161
5775
9326
1072
1498
7608
7973
8996
827
1052
1703
9125
3359
2499
5376
6153
9785
5320
3120
4548
3692
7689
9680
4530
2454
8087
2919
6722
3517
4330
6477
948
346
517
7005
3880
3774
2920
5043
3341
9922
4631
529
6149
4173
6229
9294
4704
3556
2607
1159
2183
8515
931
4276
2777
1047
6162
1264
3600
4917
5360
5954
5143
5712
1782
9123
3158
3198
8381
111
6633
1928
3733
8456
7600
1448
3034
2863
2221
4020
9643
314
2045
264
9904
5140
7334
5254
3033
9234
1871
6648
3957
8181
3036
3976
6191
6645
3444
1014
1163
127
9620
9867
470
6280
3793
6522
9458
7774
4256
6998
8156
1887
3649
9519
5805
268
9786
772
2168
7879
6624
1222
1593
7134
2258
2232
9932
6523
9989
8459
2504
395
2268
2371
4127
8190
4571
9022
1071
7019
7767
8563
2668
3241
2662
6376
6046
8785
5585
2042
8538
4854
9298
6607
793
8706
9040
2317
2636
3318
6639
1308
8924
8897
3751
2821
2910
8887
1546
8396
2380
6400
6945
1876
6669
6937
1104
3076
7116
6362
6244
794
8464
1560
1401
5623
4084
4825
4560
9420
4146
8221
901
4264
1132
2762
9544
3518
101
2575
9129
9311
2720
4052
2557
5868
3275
5315
7700
9471
4608
6831
4135
8928
7276
7350
7493
5405
747
9411
3236
2109
385
5232
6307
8432
1771
2841
9476
4325
710
8731
3752
9554
6680
1647
9387
2878
6496
3695
3220
776
6302
6487
7802
76
2480
4421
4204
5822
8126
6049
5635
3750
4369
226
3399
9451
1055
5300
882
9232
7243
3559
247
5127
5849
7729
1930
634
3815
7681
3201
6797
5776
9333
1519
5696
3170
3754
5259
3254
4905
8378
8535
9648
3335
213
4072
8577
3409
8908
6749
5778
1749
6196
9969
5312
2657
6300
9576
7915
164
8509
5393
155
3118
4460
7104
4017
1799
3268
8431
4259
4630
2901
7556
1313
1383
1820
6208
1469
1500
9481
4353
7101
8271
5621
2790
1629
7103
2975
1547
5567
7596
5512
236
5744
1810
4687
8621
8844
8941
5988
9724
1843
913
5969
5960
6508
3448
1735
5950
5015
3151
3066
57
7599
7685
7402
6551
6974
133
5119
7940
8843
9561
5085
8906
4322
54
5335
1066
1640
4272
63
4431
9651
3810
7021
2021
2684
1049
5729
8341
5100
4748
7474
6875
2193
2892
2736
3447
9454
2133
285
9405
1623
567
1037
7522
1700
9779
3529
2408
2316
7939
869
3484
4157
8619
7455
3016
1733
1438
4123
3608
8179
3645
6561
859
2701
4344
8755
1100
9200
8977
7354
8496
3138
2689
7173
9552
7901
1592
6318
6891
575
6791
8944
5734
3083
3228
4241
932
8205
4808
3759
5862
8155
6020
6726
6532
914
9320
8022
4380
7571
5540
451
1695
4848
3511
6534
9506
3639
266
6591
4979
6419
9205
6988
359
6774
2730
9178
8765
8367
2420
7486
4400
2175
1606
8617
1467
3467
5324
8172
3497
8584
2431
3271
8718
5437
8500
6586
6439
1231
363
5669
6564
7791
5168
5804
296
8437
6022
1051
43
335
2626
6226
6513
1409
2478
6154
6858
7196
9206
9754
6085
352
9821
9758
3136
626
5037
4164
9470
7887
5
6094
4328
2700
1344
5565
3777
3475
696
7457
2670
4113
2469
3975
9654
3796
1854
3947
4836
1373
9861
8922
4532
6179
3392