10000
6539
5979
137
7322
2642
5605
544
1093
7866
9902
2885
9912
3669
4024
4597
2355
7783
3766
5708
1816
8087
1380
5725
9013
9443
5712
5847
5136
6586
8175
6295
346
410
4538
5588
419
3704
156
2582
5744
3635
5380
8625
5810
6702
2124
5188
2177
6907
1354
6264
1530
6290
439
4982
264
1794
9151
6345
2640
5774
1983
6761
46
6906
5106
7442
1205
1635
1881
1979
9033
2717
4756
4424
9810
9708
3877
2490
4674
6482
4271
7501
67
3077
8502
5694
8091
5933
501
7243
8782
1808
1302
3863
3641
5019
7886
6801
7393
9828
3915
2628
343
9923
5139
4767
9228
1051
7611
2484
352
5636
295
4985
7416
6170
9264
4028
7155
1493
6941
9005
271
3646
6684
2827
6515
6360
1913
1584
4704
4349
9709
7835
9511
9266
1458
5574
3039
4946
3435
9430
8558
7640
7528
4091
2216
8524
4041
9014
4936
3231
6427
7440
5742
5194
1332
1641
703
1633
7522
5800
417
3178
338
9740
8360
1569
2463
5465
537
1671
4620
3829
7134
5524
2779
2969
2820
6227
2533
7925
3996
7044
8276
9775
4340
2865
8845
8818
8471
8401
4977
8071
155
8473
1263
829
51
1526
7660
3786
112
8600
7541
5016
2331
3369
4872
1602
6789
2416
4303
9462
2237
5216
1939
6656
6704
6574
3898
9521
9878
16
4980
8848
1601
2121
6151
5998
4967
8883
8115
727
3976
9580
6007
2721
8928
6718
6252
3052
9751
5448
3949
3740
5135
9433
8241
8111
5624
2345
514
5253
1973
2999
4710
1797
8063
5923
2962
6156
6792
8603
8894
6446
6865
7136
6338
1134
6949
792
2919
9065
7662
4687
7326
2336
8512
9678
3932
777
7248
1921
6692
5240
6086
3597
4045
5656
4209
9763
5517
1189
6333
9726
3749
5309
3476
4684
445
1202
4554
4793
7571
380
672
1022
1587
4397
1665
2175
3659
6828
3441
1765
619
8643
9955
8454
4919
121
2974
9805
9318
2502
6220
2249
3486
5087
7632
8768
3937
2171
5017
6873
5386
3401
6531
1220
6040
7692
5266
6060
2377
1712
1290
7659
5638
6950
2434
4482
9621
5293
7141
8936
1844
1036
6874
7407
1048
4663
1161
6730
9069
486
1865
9040
1313
3733
8912
6672
4222
1589
7976
8915
1268
957
5978
4686
1825
7827
5418
2435
8183
1357
1102
9780
3118
7356
7760
3062
6029
2639
3293
2529
1960
9944
1603
4185
1060
4721
8109
2961
2262
4400
3386
4652
2859
765
1301
5129
5527
3440
9392
9565
7593
8825
6604
8851
3409
4279
1138
1792
6578
2488
2317
285
8678
4844
7164
9620
815
2151
2314
861
9291
848
3013
7096
1062
893
1333
5501
7183
8871
923
9176
810
2195
1276
6542
5123
9106
6074
8159
485
4127
1125
3591
8378
4960
9707
4107
995
925
1107
2812
1237
3458
7714
4280
4243
9926
5750
9270
3183
8638
7561
9755
2771
2218
8505
7233
3325
5045
6303
217
4568
3638
3750
6331
128
1124
8280
1176
1099
104
5676
9977
1560
523
4551
4729
6392
6377
8052
625
8150
2896
4979
3788
4496
9994
7292
8350
3392
2241
945
5078
7670
8320
74
2834
7118
9108
1728
4764
3763
5663
7189
7752
8849
4737
8058
8182
3037
3491
6447
3243
4791
7218
5185
1079
851
9492
5838
8904
5947
3014
4504
9759
9461
4743
1324
2936
4182
669
3174
2652
1015
3032
2564
7982
1071
109
4606
3789
9999
4840
6384
4261
3084
2736
3394
7113
8997
6337
8946
2295
5018
5540
1466
3825
5631
9298
9152
9857
9824
9078
2051
7698
5252
2146
2008
7127
9442
1643
2556
1787
9216
8572
400
6046
2630
1916
9806
578
1571
3075
8910
5991
3589
5163
3944
1938
1213
1369
7319
7102
3136
1116
5261
6443
3117
3210
808
2147
8902
8442
9188
6896
2746
565
2522
7840
9771
3648
7667
1416
4052
1306
1753
2897
2100
1241
1743
1147
2278
1919
8532
7629
9128
8342
5385
548
8324
930
9230
8047
5670
5374
6410
1063
6614
6197
7332
9257
5404
6957
5222
4419
7523
2019
527
4476
6119
7436
9713
5175
7947
6203
6565
2819
306
6186
4849
3724
3521
7480
822
1082
3158
9627
8995
7275
9636
7444
6142
7576
2602
10000
4439
4249
238
9970
7689
2186
3532
1224
9498
2299
6061
1009
125
8860
8878
4562
2922
6335
381
6895
8982
4418
9398
6027
6102
9614
6669
7095
6803
9734
5990
5604
6374
3549
105
6458
574
1997
8537
3371
6352
4797
529
14
701
8713
8423
5578
7885
4907
6913
6665
6892
3511
5650
444
4643
8806
2499
606
3305
5715
2874
2959
2057
1226
5883
6411
92
153
1611
549
8938
3065
495
2554
6943
9963
7451
875
6653
8943
3046
2365
2108
6245
371
8255
9191
2843
4100
5581
7536
9802
9087
7383
1019
6616
5344
7771
8112
4659
4285
4069
302
9487
3350
2614
9634
9328
6281
4227
2173
684
7033
2891
8561
5432
9387
328
9136
6979
7887
5414
4160
9529
4365
2743
8402
6808
4067
7826
6439
3008
969
3522
7971
9507
9793
6041
7481
2143
9249
8149
3283
3509
8368
8836
3388
3250
2617
4257
4150
5905
3824
8456
5534
9126
2160
2475
368
2816
7119
6499
5273
952
6311
1409
478
2864
2389
4815
7264
7304
9192
3654
7115
6842
7049
3465
9659
5454
2252
2103
1485
6070
6823
5343
9405
9896
5117
3886
6691
4421
8072
6677
9048
5504
9000
4323
4990
7274
3647
9913
793
2441
22
828
3143
8170
4629
5339
2710
830
8440
9534
9574
3073
5388
1350
1080
286
458
2268
7150
8973
4047
5021
9690
211
4402
4535
1167
585
3418
3595
3537
8923
1443
3553
4031
407
4012
8347
8088
7364
680
1647
7615
8499
9980
539
9365
2422
4282
224
4322
5014
590
5535
4305
6093
3725
1864
4255
275
6514
1364
8228
9703
9092
6277
1140
365
7124
1392
8151
2072
113
2613
7978
6372
8924
2996
1002
2662
2021
9742
5547
3738
3975
6562
2845
1552
2045
592
5381
3573
7031
3130
3490
2316
9064
786
5178
9525
5470
6466
3206
7547
817
7909
3403
9624
7790
8602
1815
8157
2742
3346
5089
6670
901
2026
8787
2664
1706
2789
4206
9590
4445
8955
3176
1924
1828
7620
370
1496
6660
9866
3810
6005
3570
3198
7806
5756
9880
3038
5362
7874
8766
9819
7084
9189
3781
2086
7724
7120
1884
5218
2653
2217
3036
1352
4082
7622
2307
1274
6989
164
540
9906
2448
3078
5272
3918
6509
4265
8164
7649
8727
1215
8571
5811
6624
6681
6209
4676
5771
6218
5746
1312
950
1374
1457
8974
5076
7297
9267
2638
5243
1064
8824
7171
6671
4187
4699
5128
4759
6453
7499
8686
7514
6632
8604
768
1713
179
3482
8142
8967
2895
4792
8066
7746
1251
1273
9300
4775
8922
3026
7371
1656
3464
8041
6342
7726
557
3675
839
9095
4637
5620
2851
2967
8254
366
2729
7558
3816
4426
6028
2574
9767
9059
4304
4486
5887
5003
1707
6658
1184
3264
7485
3422
8143
2402
4390
5822
3410
394
5889
456
1803
7741
6812
2233
8403
6869
6923
3884
3265
4574
8622
5007
1768
9728
787
7755
6708
7939
4186
7317
1719
5148
1143
5751
6018
3498
3571
9960
1580
3214
8187
4437
2471
6346
7929
4819
1578
7621
8717
8393
4201
9733
919
5964
825
4236
773
2342
3787
5949
4818
876
5625
1634
9898
8673
6003
2137
5346
2654
7820
8173
1824
6899
1678
7295
917
6224
1014
6491
1413
2715
2264
7347
5312
7167
9195
1473
8070
7007
6017
1959
5099
4098
1511
2702
5235
8958
5158
4272
8796
1404
7595
340
4021
8335
9660
4395
4757
556
513
8761
5153
7092
3085
3760
8835
7586
3263
7897
7196
473
9723
3771
519
3853
1149
8804
4221
9741
5002
1255
6256
9478
3312
4337
3664
618
3574
5332
9473
1583
7194
9895
802
3899
3911
41
6332
1477
348
4328
9577
9455
5001
7311
3833
6148
5284
797
7478
7324
7908
2352
6655
7959
2315
8653
2417
6575
8279
3891
5467
1734
9669
4924
1876
9139
3673
2597
5827
6023
1166
5646
2990
5494
7284
4165
8215
9342
7405
937
1467
958
8498
9555
9068
7157
182
6506
1482
4438
5394
7997
898
3238
5721
2324
5299
9854
9289
8489
4193
4076
2521
4103
8888
8016
9401
7441
1855
1118
7226
6500
5304
3341
1084
8445
5568
3951
9818
1660
1127
3088
3692
8107
1344
6521
1649
2615
9950
6620
3051
8837
5310
1178
4054
7981
1098
9187
9022
2607
4128
3314
8260
1377
5974
5819
3501
8431
301
9063
2911
7846
3119
6144
6948
1142
324
9380
5973
5190
2481
2178
9752
654
3192
8030
6820
9618
8542
9181
9411
597
7534
3278
2658
6137
4636
5074
9658
471
2725
96
3397
6543
865
9890
4770
8348
3679
9981
5282
6824
9127
9418
2568
6850
968
3165
3513
6275
4010
9420
1561
1579
7156
8382
1549
1686
7271
7702
4140
9629
5258
640
3460
7426
6864
9721
9410
6054
2254
3541
3024
5633
193
1393
9974
3691
147
9632
1402
3605
3924
3320
7530
9911
5861
332
4422
7427
6031
1537
1187
9016
8252
6287
8702
6423
2083
2030
4277
8065
8481
5550
4836
5208
9526
3108
5586
2611
4760
6178
8464
8999
9597
5107
8830
965
5734
1658
1597
8212
3076
5720
6534
5690
4516
3598
731
7303
2979
870
4902
4780
3095
7004
704
8961
7972
6623
5548
7051
5226
5570
2877
3489
6490
4640
8282
3120
7048
4287
1242
2235
892
2014
6204
1986
2005
845
6642
9454
2906
2632
9419
229
446
9382
5198
3888
5882
4595
7114
331
9527
3087
4726
1742
9279
6475
746
5061
3910
5436
826
4184
1689
469
4446
5241
3649
1367
740
7705
6001
7617
8514
9325
3025
2866
4468
267
9770
5596
7639
9910
5276
7679
7079
5487
4599
6644
493
4196
4147
7418
6756
1461
9123
4610
3802
384
7729
3365
283
7625
361
5728
4811
8407
4133
4382
8162
4507
8022
1961
6322
2684
3153
4270
4913
7291
6088
7434
5857
3827
1292
7076
8094
9174
3821
5773
7342
8145
58
5356
2627
9706
7024
1900
7810
9754
7328
8966
2541
1585
6972
8945
4429
2774
8220
2682
9190
8757
832
3845
4334
4106
3804
5967
7637
2968
5834
31
8977
8373
4690
8699
1745
1326
6634
5836
1922
9306
1791
4002
8340
2828
6703
1281
4458
1732
4362
4093
2412
9801
8331
8820
4987
3050
5130
1990
9450
9312
7526
1543
509
3699
7821
2419
7165
801
2139
2838
7476
6768
9406
6425
6097
2600
5024
4173
6552
1385
3450
7875
4781
5544
2232
6996
3627
2363
5050
5729
1330
1356
7116
5768
838
5618
1931
9823
6680
4627
171
3525
8976
3140
6380
3847
3557
2560
6978
4341
3693
7931
9615
7578
7587
3576
3912
3505
234
5590
4914
8158
9066
5931
6811
643
3470
9968
7735
8098
5086
3274
512
3343
7191
9541
8788
5071
1529
596
7811
6385
2586
1038
1174
4586
2905
8950
4628
5981
9952
1311
6157
1388
4039
9115
7348
7172
3599
5012
5082
900
3316
7794
3147
2798
4463
1359
2566
9042
3565
199
364
9343
5435
7946
3188
6769
6535
1693
9808
3965
5509
2665
5681
1320
6077
6852
4609
3164
4754
6696
2520
8786
7088
4670
4821
862
9976
1932
3934
8676
9811
634
1988
2718
2581
5895
648
3463
7132
3224
8439
7673
7801
8364
9259
5307
7121
7707
3701
5589
9457
4351
427
1755
6652
8388
2375
6746
3730
8813
2704
9273
7101
362
9134
6901
884
94
2220
8979
4001
4158
443
3846
152
2071
4197
4090
6391
4608
1135
3980
2730
949
1328
8765
8453
1033
2978
6037
4802
8855
2169
716
1640
4081
8079
8089
5958
1669
2678
8649
5118
7085
9886
857
1427
6498
8635
9715
9642
1810
2134
621
9873
5096
7375
3612
1095
4825
632
4718
858
1681
2203
1690
5480
6840
8085
393
5695
8179
5713
1807
5789
8430
6771
6598
5438
1846
1544
6745
4532
2271
3936
883
9593
5764
55
1661
4116
9903
9439
5297
989
148
383
8651
9598
3171
3103
9631
8488
7018
5862
451
1731
4784
7035
2772
6997
4742
1232
3620
1397
8688
2370
5520
9692
2890
7151
7716
5488
5164
7655
4579
2612
7450
4114
1424
4260
5101
185
9563
3247
4933
6536
1181
8427
7231
2910
737
6857
1126
5131
742
8803
9154
3336
5622
2671
8485
6313
9860
813
3004
1953
9737
977
8352
8628
7891
1053
5349
2209
6101
6776
80
1695
6405
3190
3764
3909
4263
3642
4281
9745
6968
9882
7992
466
134
6247
7907
8009
2894
70
2438
4097
8413
6928
9682
8644
6376
8892
9232
9456
3586
2500
8877
1249
956
8978
5314
5786
6766
4795
2666
249
8167
3207
5063
1837
2785
6982
3152
4845
3406
6465
6587
3700
572
2606
2558
6934
9588
2973
2847
1501
741
7983
7117
4125
258
25
6945
8723
3519
4233
8480
941
2823
4613
9572
174
4545
2275
2517
3216
3462
4885
9251
5345
896
4653
9484
4607
1389
8608
7861
9377
6225
8216
9347
5250
1154
2119
4411
7966
457
3411
9864
1182
3184
3047
3577
3349
8791
4972
9523
5440
9169
5359
3517
4689
139
6442
5373
7996
6918
69
9479
9510
3752
303
5028
3405
9787
2462
3536
6269
7361
8118
9539
2610
6068
5984
978
3472
4433
2923
3433
4567
4316
6976
5161
6524
7964
3186
6935
274
6272
3267
6307
5536
8263
2489
658
9922
6091
8441
1809
3412
7986
2247
7276
6863
3935
2476
7174
6349
1975
3291
7318
4386
6743
7928
3875
1996
8054
4489
6075
8213
961
5765
997
8984
3347
8387
818
8785
2458
2546
5500
6802
3504
4585
5085
1463
4136
908
192
8230
8664
1600
581
5952
262
6541
9067
1383
4734
3984
6182
812
4092
3582
790
1657
3784
4141
9668
8309
1031
4006
2873
1714
3547
7690
8738
6460
8420
9701
7286
3900
4926
1945
7567
2853
5265
5874
2777
8412
9175
7159
9996
6211
7023
3393
415
9603
4374
355
1287
571
7142
8172
4030
7843
186
97
3122
9867
599
3342
4746
8501
2212
3469
6312
5528
1898
8681
2599
542
477
7962
4685
8299
4014
4956
9161
6567
4408
10
4364
939
7750
344
6721
9428
4143
8640
5901
3878
554
313
5209
5772
9872
3542
7435
9019
6223
2456
7047
8951
2858
5427
2731
5718
2339
8476
300
2929
7454
4371
8755
951
9477
5196
9875
6794
905
5915
4846
515
9749
938
6407
8857
1715
6559
966
7736
7668
6397
762
4467
9595
2429
6201
4666
8521
4020
2162
7532
5675
7831
8177
6019
8035
4427
2561
452
9832
4974
3340
3443
4078
5005
325
910
5839
668
241
545
7565
2904
4758
9677
8957
637
9830
3543
6549
4755
5453
4333
5652
3956
2491
27
6020
820
3800
6554
7765
8905
1955
8470
2947
5903
8801
5166
6667
6140
6348
1576
130
541
7330
8184
2927
7182
7437
1680
7641
2494
8832
6825
6231
2346
7109
798
6456
71
4300
9686
2939
1429
490
3434
9313
4713
9182
7805
4479
7619
4788
4311
5230
5745
3625
8197
7711
1946
189
3710
6608
9739
7103
2841
5911
4268
4817
136
1650
3132
9240
8265
7642
7353
4794
6192
8019
8741
34
7020
7652
6520
7798
9277
8589
912
4065
5259
3768
2394
2332
6898
2251
4777
732
6900
516
2545
8096
418
1358
5972
2949
8121
9929
2569
6396
6436
5191
3955
3126
9468
3978
6113
3708
4537
5274
3304
948
7974
7495
4724
1639
2152
5954
8100
7888
7000
5851
3652
9549
8740
7490
7930
1148
7190
753
5697
6082
6229
7161
5248
1072
8165
320
1835
8361
1321
1586
8808
2215
7131
5913
5152
5437
5552
3364
2042
636
7502
4752
1507
6804
5706
2935
6762
8328
3005
9700
6089
5489
1128
3814
6621
5176
3563
7494
510
9047
3818
5691
9253
7780
9901
9102
9927
3031
9783
4253
7681
2420
6603
2464
8646
6194
4372
7710
4310
8113
9039
3448
1105
6400
8381
9041
4772
5034
4217
5053
9119
5955
1642
1449
9396
1087
4654
2846
5788
6187
7040
7803
1976
6053
3948
6912
1629
9855
5105
3628
4991
330
1163
5174
1039
3785
9652
5471
6770
8491
326
5591
6021
6742
2960
5914
6773
7517
6430
2596
9578
9035
3421
5234
9426
1982
877
4829
7354
2368
6711
9691
9798
3945
4779
1949
9891
6071
2594
6849
9983
1676
8138
6607
9633
8181
8233
1694
3209
3145
5151
9587
666
6034
6605
2213
426
9437
2101
8329
2699
4283
9724
3610
7987
3110
5689
8437
4412
3041
7433
3779
2821
1007
6678
6240
3030
4447
1610
78
1781
7791
1348
3518
9907
1631
1092
3529
7715
7213
3609
9623
3790
9914
6389
7562
2548
8337
1323
9650
6995
9648
7082
2668
3645
7387
6265
6694
6596
3096
6451
7989
9091
4443
4301
8624
3423
9841
2685
9320
3813
4367
9495
7644
5451
781
2455
2530
3445
4407
3246
9282
3208
1193
1914
1069
8134
1894
5583
2003
2157
8012
5602
524
3154
6011
9949
127
6765
6891
2928
2223
769
5217
7767
6563
6585
518
4485
7958
8462
1606
6121
5937
4548
2646
1852
9288
775
9921
9345
4577
2512
9408
9355
9765
6428
2852
7634
8663
1632
5113
791
5900
3499
2228
9599
5416
3121
3185
7851
8386
7529
891
4213
5928
7916
8018
9248
3302
6362
4719
8223
7483
2862
9417
5916
755
6373
2089
6132
7139
3500
9323
7242
7725
5585
253
333
1433
8168
9211
6602
4370
8962
6682
9149
4307
6878
1197
7197
1452
50
6163
2763
9744
9694
2326
5760
8218
8615
7737
7688
981
6525
7666
4029
6959
5499
800
7402
6045
6572
4850
172
3720
4457
5747
9464
5959
5062
610
6461
9434
6369
5456
3299
1522
2516
2126
9945
6888
4204
6709
2226
9988
5799
6738
3869
1688
1551
7009
5145
9178
7099
1121
9385
1303
1103
5305
2641
214
8911
4771
4170
1391
4232
1823
9584
1596
1700
7951
6546
7500
3211
222
2164
8817
4741
8901
9722
7222
3131
9978
2604
4373
9573
8251
3756
424
8408
678
9025
7224
7216
7524
277
6533
3389
9219
7631
2871
114
3997
7252
64
2528
3594
4471
7106
76
7509
6961
6557
4856
1192
448
5821
1088
8192
6495
7104
7957
3266
309
3196
2183
7314
1334
1211
920
2059
7804
247
4275
6693
5869
240
9683
2531
8203
9656
5698
8425
6731
3772
7583
734
3245
3988
2344
2511
7680
7255
5039
8666
2966
9409
6370
9015
8124
5
6594
1710
1818
595
8419
4308
4344
1190
3564
9412
1336
4417
4711
421
4584
6382
7512
3329
2010
5919
8253
2861
3592
3558
4157
7452
9100
6288
5013
1778
6556
7493
7591
963
4716
7091
3326
9850
7367
3007
4834
7913
4083
5575
7359
5121
7933
8776
1435
985
6817
7984
2869
7363
9261
6406
4968
6701
2393
1322
7041
8195
9467
8325
4174
2815
3170
9619
9727
1626
8189
8722
9989
4601
1612
1152
4016
4915
5054
9304
9402
5549
7050
1604
6291
6929
3048
6668
1902
1617
5741
3737
2518
4783
1363
8990
4728
1981
2199
2747
5431
5752
1524
4800
7112
3762
5607
8492
1630
4898
1929
8008
32
3215
2265
1117
804
2077
1478
1912
1508
2580
3054
2341
8510
2840
5452
2351
8734
558
2204
8277
5606
5982
5684
1654
8508
4866
759
374
3715
5641
9214
2020
6646
6629
3010
5507
8859
8925
7504
7718
9247
7991
2839
9625
145
5700
259
897
3841
3732
3259
7813
8926
1534
9309
7453
1724
6445
3431
9490
6796
6280
1269
8448
5110
644
4454
999
2348
6390
4452
4074
4769
8822
5495
3072
7781
5643
7863
8306
3839
4895
4997
5704
5946
9463
4298
6387
232
2493
4705
9400
3429
2465
7423
3844
8273
2425
5929
1346
9987
5046
5506
2350
5331
2940
8122
160
6683
1777
7829
733
7824
99
1037
1299
1405
2938
9531
8778
2418
1716
3731
5965
6890
5812
2440
6560
6234
6831
5777
2229
3575
4615
7333
6012
5026
3942
2778
3822
8692
6800
4214
8245
6573
4358
8314
91
1183
9756
7988
806
5354
724
5655
9947
7089
1520
228
9579
8718
2047
538
624
9957
3035
4118
3430
9645
2188
322
5730
7638
242
8169
3665
4444
9285
4688
133
9458
7592
9679
2748
5518
7505
9736
8797
8269
3986
8807
1400
9532
4848
1058
2053
9894
4104
2995
7580
6381
9607
3707
7389
9784
1280
3253
2842
5778
2078
6232
6735
3488
6013
7178
3449
1519
584
4941
8377
250
738
7497
3067
3290
6930
3674
1527
6226
9687
8732
9865
6618
43
1831
7646
4656
5379
8586
5996
5824
7403
6216
8045
6970
2073
3952
8725
8219
4237
8913
1850
7749
6008
6733
8683
6577
3455
7187
9688
2501
6258
6129
4289
7807
5484
5505
6084
5319
8545
4276
2187
8287
6025
2395
638
6818
2783
8214
8370
3602
66
744
2810
2288
5330
5088
7205
6213
6116
6778
6937
8952
169
2780
1547
903
7922
8552
3306
5247
3313
7186
3408
5858
1873
6497
1236
6417
9155
2361
1762
593
1246
749
2792
9103
6191
7080
4962
5403
9702
3914
9113
9429
5837
7199
8530
7551
483
9074
4938
5939
8618
1223
5661
7498
9519
6215
728
8105
6217
5962
8375
7656
5736
2467
7163
6513
4399
4320
246
7346
5510
2185
1475
7432
3016
1086
8726
5963
5629
6951
98
2598
2681
8132
6285
1151
8543
5995
3843
7830
8679
3556
9307
5758
3857
4583
6062
5056
5833
2773
1738
5084
8395
281
9538
5075
3301
8841
2050
2081
9148
2155
5871
2948
7170
3966
7323
8302
5035
9646
8959
5462
4060
6662
850
3444
1474
4641
8810
3219
6975
1345
2
6502
1701
3998
1239
4302
151
3042
1006
5864
2571
40
1638
533
7554
1675
7852
9374
4823
5009
6783
4101
3335
7259
4531
5279
4034
993
9314
8626
9696
5289
2246
2133
3191
506
6844
2867
6304
4292
8770
1937
3797
9795
9712
6315
743
9404
7731
5049
5707
6695
667
3579
7260
4749
7344
4190
9991
6133
4171
9376
663
4952
6039
809
5242
772
8637
7017
4509
7548
9594
4178
2762
1131
8281
3806
6791
5529
3167
4428
8097
7994
7787
3895
886
6268
5406
1351
5999
144
5325
1077
3226
1887
6356
4592
4396
8762
7921
3823
5854
9504
1256
9869
7422
4332
4868
6540
5920
9032
8632
4822
5167
6183
334
2176
2637
3351
3663
184
8021
2404
1702
1055
4324
1407
1516
7552
1572
5249
9695
7029
7421
2713
5119
8853
1741
4714
3344
2319
984
7204
408
7221
2899
6118
4244
7417
2129
8772
5371
3372
1594
9076
8504
7758
8038
7123
5762
6630
8540
8171
9904
8870
7600
2957
468
3979
6763
6753
392
6579
9436
5445
9954
8307
5944
8581
379
9132
9142
8852
5037
8670
7859
2096
9609
1542
697
4251
88
1231
6386
7179
4647
7283
3780
6262
3033
8690
1746
244
194
204
7043
6188
719
7343
6882
9616
3736
5203
6155
4494
6700
887
7087
3127
5195
2407
3212
2446
6344
7175
5323
1759
708
3487
3070
2068
7230
3271
5155
4318
717
3223
7034
7111
1101
4581
1355
2913
1536
3002
3630
225
5068
3187
4180
8711
4248
4808
6647
3718
6528
6994
9196
5433
5342
6767
8750
7968
8461
5124
8484
1541
4015
9917
4708
4683
3939
4696
890
5627
5318
7943
9275
5879
3682
5603
9566
3967
8380
4368
9262
1361
2106
5377
2754
5693
3079
7892
5351
6117
5322
4841
1049
3257
9061
1502
9256
831
8856
1026
305
7484
5481
686
6243
7309
4911
4603
2266
9094
9295
7310
4971
5806
2797
4415
8937
9758
1930
1870
1751
2506
8752
1464
5347
8405
2647
154
2579
162
9440
547
1004
1349
8693
5298
9986
1490
3925
3182
5511
5832
5648
8487
3179
6480
2048
7568
1113
8024
2374
8301
8614
4816
255
3018
5288
8406
5759
2503
5876
888
3282
6806
2153
9516
4115
2720
1264
8046
6221
4211
9790
4975
5829
1021
1691
5212
8225
8444
8465
2066
8560
2305
3838
4212
6786
7039
4511
7337
7671
6110
4063
35
1832
2856
1950
2888
403
3585
1708
4518
8909
2423
823
5503
3157
4596
2784
5553
2837
3524
7961
6944
5378
4790
7923
5327
8191
4566
2037
9973
2125
440
5748
7474
3106
3124
9884
8330
7738
197
976
8940
8689
9738
662
8148
5051
4882
5572
7299
5787
3923
7073
2140
7439
1498
3535
5941
9315
4547
28
3981
6599
2997
6687
30
6589
1557
372
934
3339
5673
5791
1378
8002
2381
7675
3765
9496
2306
7360
2693
8665
1000
6492
688
5321
2829
7658
1573
453
6966
6468
9369
1662
369
360
1059
9635
9940
1670
7294
6166
108
3520
5699
8520
7431
933
5853
4762
293
9097
8017
1001
7228
3236
7327
5364
9638
7779
9431
3028
4389
3908
9
8547
9007
3893
4048
3805
7409
1744
641
1995
6657
465
3933
9493
8684
6030
8010
550
918
474
7654
1548
2474
5642
9469
314
8906
7953
5405
8163
5989
6847
7430
1967
5743
3138
4589
6659
402
9551
6416
9661
7280
492
894
3446
8774
8343
1525
8458
1559
3155
7723
7293
3295
3668
1861
4483
2065
3273
9562
7570
8529
4350
6450
8410
6885
8585
93
3994
1941
9475
7267
9975
3330
3378
3555
7903
1286
3621
7147
287
9150
2208
7445
2712
1776
7068
1989
2971
9158
8874
5008
9338
4123
8005
730
2629
4441
7201
5091
3706
6398
6479
8217
5255
3156
1175
7215
7845
1843
7883
2046
6550
1503
3644
8556
8270
4040
988
2200
6282
1620
2786
7809
2952
7428
7520
6752
111
8623
3098
5275
8932
656
2535
1718
3633
5463
4720
116
7491
6300
6038
5803
4638
2909
3056
4921
943
1849
378
8424
8267
3876
4735
6353
4488
3904
6788
5419
3413
8081
4619
2428
5514
1310
308
4290
1613
2539
7472
8249
1052
9518
3922
4331
5592
7254
2202
3066
7379
7819
5737
8869
9290
2063
7045
3567
7269
1068
6476
8090
8053
3864
8482
4796
2069
5898
7881
8590
4102
3162
24
8509
570
1034
4693
123
855
7391
5143
6200
3459
163
752
3678
7734
6625
7302
8433
2510
6481
2293
1132
9206
4691
1437
7515
3506
4556
878
6016
5817
7706
6126
9446
1240
3148
5423
8460
1412
4008
4050
1428
712
8365
6452
8339
1568
4462
8535
2951
1133
3963
6879
5228
8931
2296
754
5092
1267
2831
5533
4188
8559
1985
2109
5890
8709
3894
3989
2504
2728
4119
3608
3995
671
873
4889
7754
1097
6516
2205
1486
534
4927
2537
223
603
4803
7661
692
1802
263
9441
9225
3819
9576
2036
9133
5580
257
7457
7757
5317
7782
931
8754
2547
1717
9931
2848
2508
8239
7636
647
8881
5100
7477
1653
6454
7882
4177
2022
7325
4375
9985
7301
5555
9459
8789
9344
6339
4543
7691
4464
9137
4999
8366
6698
9699
8074
2325
2080
3107
4561
1317
9680
9204
2635
8383
9424
9537
2367
7920
7857
1155
9080
7056
1157
9674
4706
9348
3457
785
4804
3104
1448
926
1856
598
4600
975
3337
9877
1045
6785
3773
1423
932
9839
3791
7263
6164
8319
5753
2032
1814
9600
8986
9591
5210
6026
5775
5171
563
9764
7369
280
6710
8494
1073
4120
5669
6294
49
2453
401
3512
6732
1928
5508
1203
5767
4053
8828
721
5141
2984
7585
1984
8513
9162
8795
4810
4989
4472
9585
7910
3629
683
623
4612
8873
1764
8933
7219
2857
317
5168
6302
9415
5757
482
7036
5146
8185
8658
8680
7288
1974
6100
142
4220
2903
120
8960
4875
4330
9341
2410
7246
5608
7756
7841
7425
4049
8790
386
6319
7446
9317
1046
4648
3767
4508
3471
3296
1968
8536
6510
9815
3400
8884
5951
8548
2461
5925
9121
5891
4339
294
7097
1874
3698
442
3380
5671
198
9301
2670
3660
1003
5316
7825
6835
4838
6099
6809
5365
3454
8355
1396
577
7674
4294
1285
1217
7950
1078
6798
715
1272
2707
87
4420
8390
6707
5055
8384
9606
7589
4852
8677
7581
587
2946
4501
9220
6518
9684
3452
7590
5315
7856
470
1469
1265
307
1829
2430
3129
5593
3566
2498
9836
9967
3382
7054
6069
4527
9556
4522
3114
3711
481
8674
580
4773
460
8
3723
4733
4152
6595
630
7489
476
953
7862
8125
3583
8805
6969
6286
219
4436
745
7411
1331
9643
7368
4930
8073
8511
4338
4966
2181
8237
3880
2916
696
1720
8311
5723
7313
3992
9500
8712
2817
1441
9990
8363
3234
6433
5823
6926
2276
2371
843
2039
827
8921
6435
1032
9316
1156
1735
4920
5880
7126
3719
4806
1083
6180
7664
9786
5557
2636
33
649
3516
7537
3357
6830
8687
3817
3125
8668
2436
5313
631
7382
7067
5628
4618
3666
7220
4208
562
6006
2591
3729
2340
6884
503
5531
8475
7345
298
170
9938
1340
8914
521
2941
7253
464
3950
5475
9512
1970
7261
8037
2333
546
3643
8155
9766
6366
4727
5490
6764
8201
5460
3194
8598
5908
1969
4893
5006
6257
3358
1316
2388
9138
1793
844
4707
3826
7105
5983
6813
4166
9730
8293
3687
1752
7730
8262
3653
5066
4380
5458
2115
8564
3656
5390
7400
3467
2142
7374
39
8546
6815
6839
1401
3311
8918
4442
8968
2413
8613
9215
7597
8007
9777
7002
7560
1075
3811
4432
5010
6690
5808
8450
1622
6523
6305
8577
3058
4172
7708
9062
1153
5525
9852
4061
4828
2088
5355
4657
4346
8268
4252
8180
3634
4964
118
5270
5924
9554
1774
1329
7696
2749
9653
5336
6887
5189
4046
9472
8964
3983
8196
2925
4880
6973
8349
6175
5942
4789
7525
2988
9200
6564
7438
1512
5921
9079
799
2298
5634
5213
9332
2248
1431
5410
1977
2496
9170
8989
4094
2708
5599
1165
962
8060
5645
6551
2401
4832
1172
59
8500
689
9794
3840
1277
5407
8101
6903
6503
4235
6184
2955
3061
8210
3969
6094
4876
5863
119
6414
9082
6320
8595
9731
3141
2912
6722
4798
292
5587
2408
5382
9859
2311
4245
6152
8969
9972
3530
5790
9720
2353
8110
7282
6437
2444
3109
7027
6886
3769
6986
4569
4869
9226
964
2172
2751
2924
8941
3404
859
89
8493
6138
6663
9844
6141
4694
6328
5474
9644
9535
3091
5090
2998
6383
2478
9582
9899
315
4580
7211
5337
2741
3059
8290
9427
5479
6522
9654
5134
1216
5886
8114
9853
7392
9657
9965
8446
6816
7249
6160
8080
6571
8447
9849
2369
3901
2645
2987
1085
5434
8696
2221
4319
8131
1260
8541
8029
2497
2206
9333
9792
11
7336
9274
4051
5425
9130
736
9846
2807
6633
1798
5798
1664
1381
8409
7380
4218
3497
1170
5125
3135
6922
6486
5840
5614
3044
7448
645
1648
9934
2513
9024
1903
4259
3672
576
8222
1258
3292
1200
8033
6673
65
8971
8136
8244
5173
5093
1096
7776
6032
4342
1319
3150
2803
4745
4765
6263
4284
8207
2102
6615
4698
4066
1399
1497
7075
8531
8538
4475
422
7350
771
1909
5809
9664
3242
7052
5368
720
1599
2112
9717
6938
4873
8095
2334
9725
3168
4672
1293
395
2620
2184
1964
81
2570
480
9101
4660
2399
7697
8468
807
9245
2016
5283
9779
8519
1444
3974
3057
6168
505
3089
532
6139
9782
8667
6925
3930
4939
6998
7598
3090
1923
254
8190
566
5398
7078
2190
7037
9286
115
5348
2383
9379
5183
5232
3244
3807
4830
1896
1353
3753
3390
4572
8422
3913
2956
5182
5688
4890
5116
2757
7518
9948
4487
2655
8242
2587
5444
3396
4112
7185
5170
3414
7844
6553
7762
2991
6009
8264
8327
8050
2007
8135
2982
1247
1515
2468
2225
5022
1204
7932
9164
1115
7377
1294
9287
2090
3437
3624
1228
205
8528
4986
26
3601
3189
5236
7588
3835
4406
6259
6310
124
8426
2914
1472
2136
4139
9586
4649
8389
4976
847
1470
6501
8948
2167
9179
2097
6222
5149
7889
5301
729
2012
2426
1254
7122
9524
5268
9757
5985
7321
5238
2099
7338
9070
5640
3
3064
4747
8415
947
2942
9038
2509
2044
9858
5994
9610
1821
7995
2337
102
5329
9930
4820
6273
1395
6107
2330
2576
5859
5968
9351
3890
7764
8043
1957
1705
2450
6580
1624
2018
1747
4151
3479
1908
239
9881
805
3709
86
9488
117
8503
8322
2280
7398
1110
6154
1819
7053
5402
8434
9051
3438
9543
6954
6924
4947
4863
4499
3808
4847
8392
7728
6845
2921
3199
6404
6558
6143
9542
2931
7470
1926
1436
1229
5072
1761
2605
1618
9393
7415
6193
7487
3019
9920
4854
8996
2943
6147
8014
8104
6076
2900
4130
367
6092
161
6123
904
6048
4156
8826
4470
7979
8463
9354
8436
9564
8103
3754
8698
5290
9319
4017
7904
1709
5569
725
3657
2111
8747
3060
5987
5442
3728
7281
4493
6355
1971
7869
9928
9750
7871
6367
2567
1422
6422
1120
6248
2449
8257
5940
9037
7193
1748
1866
5186
9413
3286
7355
2258
2972
4363
9098
9710
4200
8963
7778
8980
8023
1208
1605
2505
8310
3256
5324
3205
7579
5613
553
9012
3193
1663
3639
6270
871
9995
23
5052
3276
6833
2439
3794
4315
5296
5761
2583
2485
4007
4996
4865
6412
3366
7618
9508
210
7720
4748
7839
4079
7684
852
8472
7912
1783
6576
3527
8737
5702
2663
6526
9513
3333
5975
4239
1827
8991
6814
4881
8956
3600
1528
3254
1687
4321
5059
7669
9971
8421
1296
2902
9372
1697
2651
323
6260
2953
3233
2182
3034
8706
1566
3881
1773
2706
3086
7229
4037
7842
7166
4329
7320
7168
6251
6169
5278
9698
9229
3383
659
9199
2286
2934
6988
6779
2963
6196
463
3796
3230
899
5935
4945
866
5988
4934
6056
414
2958
8117
2917
1696
1298
4736
8517
8715
7792
9252
5826
710
7149
311
5523
7513
5537
7999
9243
6083
8369
1123
1219
2830
82
7507
8341
8455
1704
3508
9352
7408
3855
1575
2882
5111
8028
3063
2406
6058
4785
7081
75
4534
1406
9060
568
2356
188
2269
7010
2017
5450
2095
8186
8246
6904
7695
7837
3580
3834
1877
5341
3562
7919
6760
4673
7800
6726
2477
726
955
4948
2609
7630
8457
8224
915
3229
750
8812
776
9905
3581
4681
5816
2170
8647
9797
9718
5300
5361
7419
5609
8438
9031
7298
388
3043
7556
8574
4692
3468
9367
3831
406
6441
6103
4384
9135
2403
6078
5793
4000
3285
6846
4293
2349
2427
1842
2442
5943
7399
4056
5220
207
6440
8816
6862
6508
8449
2700
7456
4043
8872
6051
2696
751
4142
9655
2378
8606
6600
1314
8083
2415
60
6483
8975
5685
9550
7181
9435
6848
8992
4089
7582
1214
5457
5221
3688
4138
1198
9111
8861
6637
4223
4169
6359
2396
218
9030
1027
7272
9984
1410
6085
2884
9545
4678
6797
2994
7486
227
7508
9329
3637
8523
1379
5740
1067
6841
2625
2809
9105
8930
4154
4456
2813
3851
3332
4526
6014
5611
4202
436
9761
7146
4617
1295
1375
3399
2536
7867
6
2795
620
1757
7449
72
5417
9265
1483
2070
6967
946
4086
3456
5473
2201
9746
63
5739
9697
5496
2552
6289
1016
4194
833
4176
2687
5936
7575
6494
8308
146
1942
3071
7898
1570
5350
1910
5930
5644
4376
6292
6962
8864
5766
676
8704
2197
6158
7184
3727
6507
9951
9935
6790
347
2768
9208
3757
9812
4633
7059
3916
428
6462
5997
7870
4571
2588
1867
6706
3149
5802
8842
7074
9045
2194
5126
1130
4274
2004
8834
3475
8981
9889
3946
3321
180
8428
7238
5855
1615
5179
7858
8200
4812
260
4059
7949
4616
9168
7797
1370
1614
2091
213
4899
6314
1288
9083
3023
7937
6042
5705
7793
2745
5658
9183
6358
9326
5637
53
2683
9370
3531
8001
5980
1948
7473
2844
9009
4403
9883
3830
9383
9982
376
5459
8650
2329
5893
6772
9714
8250
7944
7815
8827
6782
788
2104
8443
3391
9465
6588
2833
5770
7555
589
2814
8720
6910
3379
1158
4451
52
2301
3269
5246
9268
4695
2385
2277
7627
4843
4517
1854
3368
2013
9057
288
1054
5579
9825
7395
1327
5621
1899
7893
3177
7129
8891
6538
1593
335
3240
7169
1514
3676
2634
2781
3751
2739
2257
9233
1029
4582
8617
2166
6134
9221
3100
2379
17
3384
2689
430
7192
8886
2673
6992
4506
7098
165
5202
6611
535
3502
1222
8592
4250
5070
5677
6780
6297
588
5716
5498
8898
1727
2222
2242
2483
7906
6274
9055
2313
6219
462
7210
3590
1283
4782
2986
8570
4831
1581
2527
7795
3115
8694
5159
1235
5843
6408
7936
5466
8353
3611
7290
9557
9571
6022
1666
2758
5710
9002
2694
5749
1114
4466
9223
9017
767
1252
9027
6566
2245
5041
4827
5732
126
3871
132
3310
2382
6641
7603
8147
8567
84
9453
1673
560
2259
4192
5204
9747
5269
5754
2060
5098
8840
3626
8850
7559
8919
4108
2724
8102
1089
6946
6749
8867
4394
3105
2473
3858
8819
9085
4266
7777
8059
8469
1890
7665
4805
9124
7952
9466
8847
1998
9540
7544
3616
3671
1907
9672
5820
9647
3204
2550
6737
2302
8067
980
9075
6431
8775
9305
9117
9604
5366
2776
3539
1013
1500
4540
8236
5902
1137
3218
2680
7358
3697
1305
7110
6725
7527
5095
7030
8208
6233
3961
1789
5391
1917
5144
5866
6249
6024
7573
220
1090
3919
5303
2691
6388
6354
6253
2793
6819
7975
6357
690
4665
9322
8568
7877
6714
2113
2447
3289
4435
8695
4981
9327
9520
6933
7614
8234
6741
5169
9924
5468
6324
718
7685
8397
8792
9072
2551
1342
8300
1786
2761
3849
1421
3275
7924
5411
4763
6829
5769
998
8654
5142
5796
3662
6723
9020
3982
9837
8351
2849
7775
7256
6724
758
2765
7011
9198
2732
8821
1104
459
2733
2937
2519
4961
8015
5200
68
2457
9505
4481
2644
3102
5845
3080
5807
9925
1563
3514
6609
1636
6125
7872
1565
8838
420
8291
9489
579
4131
3617
2294
874
8662
3604
3473
1879
6719
6545
1674
3225
7471
7955
1805
5478
1598
3651
1577
8596
7712
4611
7709
3792
1076
8256
1836
4064
1858
7376
6371
9104
252
8756
5632
9547
5727
4105
166
679
9046
434
1679
9497
4057
7331
7623
8728
7285
4988
9173
5375
7137
5122
9193
6230
6666
289
8620
4667
8753
7533
3360
8983
2479
5422
5263
982
8153
3354
9207
9260
6777
9364
9959
9776
3161
8227
9956
1382
3173
4377
7948
5563
9186
5792
7341
9263
9432
1558
4434
6242
9053
9705
6159
5717
9141
8685
2076
6293
6109
8582
1259
4995
2309
9732
8927
1339
1017
1872
9617
8742
2482
4325
9357
3006
9548
4110
284
5443
5193
5267
6036
1403
7973
8130
4231
4361
936
863
8811
5302
3116
8404
1150
9451
1261
7235
4414
9452
4111
1480
8133
1769
6638
4099
1646
3941
5396
7940
3097
441
8947
2354
4661
2431
3759
6932
8611
4918
6870
3798
5852
2287
7633
4286
2320
341
7058
8232
8345
5571
1698
9835
9666
942
6517
5369
4521
1233
9395
8534
531
6728
1692
3287
2532
2889
4730
5830
6512
7860
7601
1487
1289
2738
3879
4013
551
6511
4490
3554
9826
1749
7240
6485
1892
8890
7177
1857
2926
6689
3623
4957
657
502
5683
2626
2244
9900
1164
3742
1897
5352
6413
8862
7277
6484
9809
1906
5922
7063
4959
3503
713
2989
3494
885
9236
9166
7799
6043
6237
4148
8146
517
4299
4183
9517
8092
9711
9716
642
6214
2542
972
1442
3929
8004
5334
4393
107
7206
56
449
5392
4254
8289
8601
8398
4126
841
7833
7296
3721
5577
8735
2577
3774
57
3220
4751
1737
2335
6940
705
8779
6519
4291
8549
3836
8137
5073
3960
7786
7647
3868
4465
2881
7019
9681
7066
4529
6004
4226
1384
1275
9109
5867
2674
4242
8657
6981
3921
7265
7148
4122
1337
615
6114
6715
5945
4240
3870
9918
2892
7227
2043
1373
8550
7406
2659
7814
8144
1050
6729
5970
3428
290
1484
1999
2373
5532
9476
9004
7144
1703
4247
2573
6908
2769
2908
6478
8714
7107
8031
4381
4883
8746
4715
2631
2623
2011
3081
5630
1904
8882
3920
83
5060
90
661
2616
4353
6606
7566
9363
6299
5102
5719
3381
4137
872
8616
5333
665
4928
270
2360
3991
4892
2887
8334
4348
5780
3027
5566
7158
7475
1868
4937
1963
196
2238
7954
7021
398
9768
9276
4477
5881
6643
339
312
7985
1020
7013
7848
6128
3734
5831
528
7727
5254
4071
8235
248
4519
3202
4478
1035
2107
9482
7316
7607
4264
8703
9386
7225
9058
639
994
6350
4700
9834
4722
7373
6626
7090
853
7538
6329
4345
3606
2977
6474
8705
1454
4916
4195
8478
327
4826
2601
6612
702
5932
2292
8889
6648
9814
5197
6860
2686
2578
2572
6122
5335
5635
3262
6393
6942
909
6334
1368
8274
5244
6931
7482
2290
3324
3009
4219
2676
1952
1736
6755
1106
3221
5665
9567
1218
6635
9613
1550
8934
7543
3968
5219
9246
8675
7911
5482
7557
1209
5969
8619
7062
3544
2067
7420
5917
4768
1775
342
7459
8783
7993
2145
4416
5408
2886
5057
19
4410
9438
9979
8743
7447
8057
5784
7763
4011
8379
4326
2274
7980
3778
8607
8313
9640
780
954
409
5545
2054
1994
8188
9389
7553
2649
2976
4546
2562
1726
3493
6676
2750
7212
1871
4807
5476
9919
9675
7250
8661
9110
8417
8579
8987
4524
1853
3545
5896
2993
6080
9887
4189
6894
7236
1492
4550
7770
4655
6893
4680
4602
4262
8784
3856
4385
5295
7941
4565
6960
2437
5714
1471
3012
5543
2722
7086
691
3252
8895
7902
2144
2327
2219
8908
7372
231
8333
4903
7232
5966
20
5841
7768
7458
1882
6267
2105
6059
423
3713
7784
278
3361
9381
4587
846
7289
8076
4963
7057
9879
208
9028
2790
7722
5127
3416
7721
1415
3970
413
4425
2227
8128
5192
3461
3331
4949
2633
7270
5306
5993
2138
454
5515
9471
1504
7
8129
2165
5384
9908
9394
3001
8160
5560
5184
251
5497
1625
4871
8844
129
1210
3260
5015
7429
5647
4925
784
1740
4671
7704
9001
5556
4515
6654
9310
1936
8338
2029
6736
9026
7740
8376
7849
9241
7401
1417
9592
2024
601
9791
6734
1517
8526
6990
9649
7901
6570
9250
2357
2267
6124
8897
2243
4634
6327
4888
8126
2822
4391
564
9533
7247
5735
6675
575
7464
604
7071
2384
4383
431
7812
889
1790
8587
6438
2310
4314
7956
4573
4753
8258
2224
2398
9953
1684
7462
5439
4269
8161
1645
353
840
8935
1094
5483
5825
9958
3741
3578
2390
8286
5584
1394
6628
7574
7610
7938
2690
7352
6000
7006
103
5884
7769
13
3112
6871
9089
1371
7865
6955
2487
4484
4664
3510
1495
5395
6351
525
7732
7424
5948
695
138
1725
3021
1518
4077
8539
8051
6827
8942
7340
3546
6505
8477
5428
3587
8358
3235
3092
7564
8985
79
1341
9294
8275
1659
5910
8518
9049
9071
6189
4273
2000
9140
2064
5043
3419
4973
9054
2933
869
2945
1901
7223
8296
390
3776
9157
4650
8479
8799
8152
7003
7384
5485
1506
9851
9961
9088
7217
5412
860
237
4983
1335
6855
9842
5493
778
9217
7055
399
181
8344
8266
8876
5367
4058
6409
8593
7060
4027
4179
6050
9340
1770
4970
9056
9651
526
5679
6905
2035
1546
9822
3685
2480
3854
6104
7466
3082
6875
8781
9421
6173
2486
3809
6547
6235
6799
5358
4809
1623
6403
6033
1008
2239
8777
9729
1398
6379
359
8759
4886
7822
8507
5132
4623
1878
7245
4453
9448
140
1595
1685
7154
354
967
3588
706
1491
268
1438
1730
8899
2878
7503
7510
6993
3200
1300
9384
5426
9773
7016
7969
3453
6688
2094
7329
4835
2452
971
9425
6047
3569
5538
1771
2261
8206
5567
7351
1847
795
522
8078
9743
700
9514
7072
7396
8954
7492
7828
8332
761
195
2735
8506
5546
6419
2272
8965
9237
6202
5814
3874
7624
6872
3353
1588
796
6171
3175
1927
3758
1012
7410
1651
7388
1010
8025
7469
7287
5649
8998
4459
6266
8863
2985
3352
2766
2380
6617
9993
9561
2179
504
3298
1677
6610
5755
2397
8356
7028
6464
4392
4155
3029
3317
2061
824
6239
1066
6963
1895
902
5064
272
5956
7152
1362
9172
9876
8075
3294
8758
7747
2451
3222
9278
4877
1754
5703
3655
7672
1943
9299
1991
1883
5657
9916
1459
1446
8418
711
2174
3376
1841
3716
3782
3427
4525
3801
2764
9096
6210
5264
6467
789
3308
8771
62
6679
4801
1297
2825
6496
1644
221
245
5783
8483
1465
2876
6645
3866
8634
191
9296
2525
8003
8562
6179
9568
4019
5660
4297
4553
4409
6326
9213
559
8385
3958
7273
3552
3160
5025
2460
5530
8123
8751
6035
5165
1419
1848
2726
2214
4588
7945
9856
5455
3398
530
203
6964
5104
5977
3892
2041
1440
9224
4070
5031
6582
4109
4578
5286
9821
282
6205
4198
6920
4387
9359
3907
7257
5564
497
9499
9177
6851
3862
8527
756
6787
6067
77
8721
3348
1173
8194
2875
5595
4575
5616
7563
1146
803
9628
5042
3270
8034
5666
907
1494
763
5805
15
5211
3603
9575
3268
2801
2753
3055
3227
7683
3903
7613
2148
7648
2767
1325
2711
8554
602
5239
6420
8591
2565
5763
8533
5292
387
7604
9034
8371
5079
236
5137
7864
7026
6112
2459
7335
7496
9218
437
7069
5846
2759
8893
4923
2033
2549
1834
2643
9449
7022
2189
1540
4824
8814
7703
5918
61
7653
836
2433
4033
8642
921
5162
149
2114
9862
375
8907
8211
8141
1481
8226
1521
6936
5154
4191
8553
297
1535
5906
9144
5044
5109
5231
6750
3614
2507
739
7873
677
4088
2002
2515
7046
5692
611
4267
8435
9774
5020
358
291
8068
7258
3917
6236
5399
9863
2338
8671
8474
2608
9414
1160
2832
5271
1592
8729
1365
8920
2667
9685
411
2082
8312
475
5472
3550
461
5554
3852
9612
3277
6740
8798
7572
2110
4605
8321
5961
6980
2575
6002
8032
2263
3534
4360
4630
8929
6308
4480
3883
8633
9350
6341
5011
7312
9778
7694
6057
2775
8843
1439
5199
7832
8044
2386
4335
3661
9205
1533
5326
1889
2055
3133
4884
3362
2116
296
9283
3613
2323
4062
5360
928
8566
2964
2328
9641
4168
337
1860
3882
3356
9474
8745
6106
6793
45
5281
3315
3859
5664
1934
4558
5938
3572
811
6276
5160
110
507
6527
7785
9817
3842
2300
3812
3323
7686
6250
1553
7834
8605
653
8621
7743
3619
5815
674
2058
2744
3123
5120
7207
3284
9238
6493
8084
9297
7077
4512
7596
6909
2714
8099
2466
8048
4646
9569
8040
2918
1766
4228
5376
1965
5779
5187
1833
4085
9583
4814
922
5287
5229
3964
8749
8994
9044
4164
2432
1445
2983
9813
1056
8730
543
991
5842
9227
9011
243
54
6455
4878
9131
1108
9003
1758
3281
6983
9601
5069
1390
1992
9099
6866
8108
1456
7733
1556
2705
9785
6834
1918
95
7370
8011
8988
8496
3560
1772
4697
8106
9077
2898
1574
9772
567
6415
3327
856
2079
4025
3848
5907
2154
591
8793
1723
9769
5477
2557
3977
5224
5950
8119
3837
8648
9231
2930
279
9303
6254
9272
4354
1270
9816
5888
561
4842
628
6206
8240
3793
6165
6120
8854
959
774
569
7739
7381
5731
9366
6568
5083
9992
3447
8036
2158
1722
4022
484
3436
5421
735
1025
6052
6318
1343
6131
2538
5733
36
1212
895
2526
4740
9570
183
5597
7894
1338
3714
9871
2023
4461
9122
4626
9804
1655
4604
4642
7645
3867
6919
7125
4430
2321
4675
6457
5976
9349
9330
3746
757
8569
2854
9239
8261
1488
1869
5294
8316
5138
7895
4858
6279
7896
3359
4317
3618
629
3022
396
9789
3902
7308
5147
7244
7315
7455
7140
1845
7015
6064
8700
4539
6111
9043
5409
6463
8278
6145
9146
4632
990
1859
6434
6394
8006
412
3297
9885
2688
2180
699
4935
4904
2624
9210
600
2697
652
911
2811
3717
3777
9397
9194
3726
5038
4931
4032
3451
8432
8900
2193
4542
6985
1257
1188
4153
7128
2698
7540
3279
8247
9998
1221
4677
135
9010
8672
5653
1028
1136
9371
8831
9185
2883
8467
8077
4544
173
9831
9391
6238
489
5513
3370
6044
6965
8243
9589
7349
8400
3255
2723
6301
7682
5582
2027
8000
4121
6927
6881
834
4500
3906
5430
1972
8794
3515
664
377
2196
1129
3011
8659
6822
29
4448
1667
4216
9506
9799
7847
9373
2191
5844
6261
9704
6081
2255
6876
4900
7594
4023
2808
2782
8354
3632
914
2421
670
8271
5651
3003
7094
1139
5960
4497
8544
2863
6716
5067
2965
7506
5441
9470
21
9159
6640
2161
6590
2752
4523
4701
8497
5033
7744
8055
1888
6098
2880
6150
627
9933
5865
2256
8584
2281
6916
6757
6176
5097
5912
698
1432
450
2454
4036
1159
6198
8064
7385
7657
8682
4576
4163
3850
4855
5370
3528
9375
3526
8733
5659
3584
1044
5623
7850
819
7699
3640
3943
8049
8127
7677
3146
6172
8303
5157
1958
5872
6296
6181
9840
2555
5140
4859
6049
9803
5065
2409
722
9936
1460
5600
6592
6065
4455
4910
269
8374
3272
9559
3478
4431
1652
7918
1100
1041
7414
5558
7234
357
1426
8238
4075
3803
2366
3000
4460
5311
5363
6758
8357
1091
4073
2970
5512
7542
9897
5047
6889
9120
273
4113
868
3987
3887
3568
3083
6368
500
7569
2870
425
2657
5108
5672
4622
2198
7278
8294
106
5594
1804
9163
2791
7759
2584
508
6015
2075
3650
8764
913
8315
235
3363
880
2358
3747
5464
8972
8610
1234
1729
1462
2270
6087
8140
2282
6340
5897
7334
4146
7967
536
6939
6105
8156
4944
1387
1372
3681
5701
3181
1479
6336
4894
9118
1637
8636
3559
1468
5877
143
9416
9483
479
1144
2135
617
1513
1162
4026
1005
6867
9503
8205
201
1682
9308
1430
6775
2679
5048
4621
3972
9964
4867
6838
835
8176
6317
7305
1191
9838
5077
7173
1284
8731
837
5320
5674
6323
4778
7521
3241
3300
7905
5678
9827
8139
9112
605
8563
9662
1523
4993
6947
5372
1944
992
8326
9689
3387
5245
5801
7519
2260
2391
9560
2359
6347
2312
6055
882
5340
3111
5526
8641
2168
1554
8093
4853
6649
7180
4739
3074
3425
4505
6544
4413
1978
9639
9378
2120
3328
7635
2405
612
8748
5353
4668
467
175
4528
1532
8166
4712
8020
4144
4246
3232
6744
5383
5023
5214
3195
2523
1347
2755
8763
7130
1911
1225
5868
499
7300
6298
9368
8576
2692
2675
7378
4042
256
4159
4750
6284
9021
6532
935
1607
4942
2709
9234
4833
3128
8551
3373
2563
6627
4312
8555
5027
2001
4230
6897
3999
6674
2253
2622
2543
7188
747
7808
4004
1244
9602
7390
404
1195
1043
8655
9665
8202
4134
2364
3049
6255
651
7838
226
3828
8710
9407
2362
6561
9892
5662
1905
7628
7061
3993
3288
1539
2291
3496
1935
9302
9491
216
6583
37
5598
157
1863
8719
5133
9667
5559
5502
5058
2950
4662
5446
3755
4167
2308
3251
2495
2127
7550
1851
7479
4124
2893
2038
9530
881
9324
5927
3377
7748
6807
494
1785
8466
7025
7237
349
1915
6754
2283
8198
5680
363
635
9361
675
5619
4679
3261
694
5205
1591
3415
2799
6569
7773
2672
8839
7836
1668
2920
5262
276
2669
586
9943
8588
4205
4958
1672
18
879
8459
1993
9167
2800
9362
8451
7365
7605
1800
4288
1567
215
4651
3492
4080
4799
1619
2932
6432
5818
7160
5711
6429
3770
1180
2648
3163
4541
9086
1806
3927
7868
3551
3971
3402
4238
8396
2093
2289
4813
5709
8039
3481
4644
6781
4862
7467
261
9735
9501
498
3439
4003
1767
7239
2387
3959
6146
5206
7531
983
9611
609
5030
555
4682
9753
4199
3820
7001
8221
1711
7879
8346
9244
996
2049
5953
4536
9269
6195
230
7977
8495
1307
5415
9160
1243
7854
2835
5795
8736
6911
1721
5617
9781
1562
6999
2400
1266
1318
7700
7713
6613
5413
2092
7038
7266
1784
3367
5156
2052
6153
3172
7366
8868
3322
8597
3426
5285
5776
9509
8627
4005
8631
7198
2879
2734
6363
4564
3053
6090
5280
9258
4557
1476
4631
1739
1817
7306
7774
2445
594
8697
5565
5682
6149
9997
9353
4055
5260
1119
4210
4905
5654
7032
1966
3374
2117
1813
3228
3735
7394
5612
4786
1386
4359
1177
3702
8612
5004
6241
2025
1061
9008
8416
8154
3928
9403
9932
212
5835
1141
3745
1956
2619
1309
2141
4379
9321
1194
3483
646
6477
8283
6135
7742
9125
5860
1171
9558
8580
4732
150
4474
1788
1047
8949
5892
4559
5207
9637
3548
4922
7241
4669
5738
5519
4940
2150
9093
3309
1304
177
4423
1230
3239
6330
1414
6375
299
2826
4744
329
2234
7608
8846
435
607
9486
6095
2544
5573
4851
608
2132
9915
1042
7900
4658
7251
4984
1980
1447
906
9335
187
7817
3169
8944
650
9153
5115
5389
794
9147
4449
4552
2372
2285
2040
6593
4645
916
2130
8557
2621
3159
6858
8204
5449
5180
5894
6246
3093
4731
1308
7339
4702
2589
9522
7065
1199
4398
8199
4857
8760
7818
7511
766
5000
8573
6244
6063
8939
4495
4953
8880
6739
4357
4161
7093
1954
1018
5561
5986
4932
9966
4087
1169
4117
5429
4513
7884
9081
7687
2250
4887
6720
2273
4207
6365
2595
7413
6316
3722
3144
7651
9807
4327
8865
6883
1122
8259
8724
3068
9284
351
7463
1609
6591
9596
9235
200
4510
3985
3973
7386
2860
5551
9843
1839
4861
5850
1420
5615
9663
2981
9165
3938
4590
9845
4492
9528
9184
6343
1282
9388
6136
4068
1545
1796
4703
7766
4369
4943
2661
7064
1505
4897
4009
2703
1185
3990
6661
7461
1411
2901
6174
9180
1227
5539
1196
3099
9331
3303
7678
8652
5687
6984
927
1799
9870
4145
1891
3137
8359
6705
2015
4530
4965
4278
764
9788
6861
2118
6459
7135
707
3631
1582
6530
8515
3860
5785
9029
4502
5357
4225
2524
5201
2850
9941
159
2009
1951
3477
7701
7200
9050
5724
3962
5103
7796
5114
9129
709
7751
8578
7816
2297
8414
2031
5029
8429
7965
2802
2284
4776
6472
2279
6759
7070
9502
433
7546
9399
7468
1011
2472
7745
6727
6774
6361
7960
2492
2980
2062
2303
1023
6843
8391
614
73
265
3940
9544
7880
9820
8285
1947
4994
5032
4906
9201
8411
5828
9888
6713
2590
2553
5797
8875
8885
318
3484
2915
9626
5215
7899
9480
8116
8669
6836
2240
9939
8394
8691
3485
1699
6639
1756
3045
9760
9254
48
1179
6199
3861
8231
4570
3593
6991
2163
382
5256
4366
6321
1590
3523
1780
7516
6489
319
9360
9107
6877
6161
7203
7138
3815
8056
9622
2231
8318
2534
8707
681
3670
455
47
4514
660
6868
3561
3142
9673
8639
6309
8399
9515
864
9670
3897
4336
2347
7855
405
304
4347
6956
8916
1074
2414
3957
9494
3667
1451
5486
5610
2210
5848
5542
2123
416
970
6631
5781
3686
7942
8069
1206
2470
8767
9833
8027
626
8609
6487
3139
6853
9337
4313
6167
4498
8486
7397
3832
6073
3690
4352
8026
5878
5726
3931
336
685
655
6917
1070
1271
6856
6974
491
6448
8993
4503
8594
8879
8739
7643
3203
4072
7584
2034
5904
5150
1168
3889
1733
7693
9546
4992
8305
7008
6805
1608
3953
4450
8525
3885
5522
9719
1880
1886
44
8516
693
3507
8599
4998
4874
3345
9608
9036
1248
3684
6636
4563
5667
3094
4593
4879
3407
100
345
1838
5491
3905
9358
9334
7143
7100
5686
9536
1893
4149
8953
1207
7998
9145
4761
2156
3480
3134
131
3318
8769
6470
4725
1145
854
520
2868
7788
7606
4955
6837
7772
7133
7549
4896
3319
4256
622
350
4
987
5328
9909
3280
6619
3020
5277
9006
6325
6686
1450
1555
1065
6548
4614
7362
5971
673
6795
552
723
7719
3474
2585
7162
2230
8248
4132
1499
3689
5856
5870
1040
3442
2056
8744
3540
8193
2944
8800
2236
9143
1186
9311
7357
6832
7412
3783
7460
4044
1750
4917
5424
1425
633
5813
9084
2131
5397
5668
6784
867
8575
7990
6529
6162
2593
3799
5516
2540
748
397
821
9671
4229
7914
7802
4309
6717
9209
4401
2824
6584
4533
2592
4038
5094
3217
356
6469
5036
4560
2603
122
5521
779
1531
2770
8630
783
4203
9444
4909
1510
6915
9018
6207
7717
9197
3197
9336
3739
3896
5722
1616
1360
3677
8780
9942
8970
2469
6699
9356
8903
6378
9280
2559
2806
3385
7609
9848
4405
6444
3947
6748
1628
5291
4954
2695
9552
488
1564
8565
447
8288
616
4969
2084
2074
2855
4018
176
2872
5223
3954
4787
6421
4355
3926
4520
2322
7042
6115
986
3761
6537
7465
6127
202
9114
1111
2760
6601
8701
1418
2716
6651
8013
3180
6096
8292
3015
8829
3622
2907
7202
5177
6826
4181
3636
7153
8120
7917
1366
4129
6473
5926
6987
6664
4860
6401
6130
1987
6504
2756
979
4950
6190
5172
7753
9023
4388
1278
8773
8583
9293
2376
2975
2618
6859
5393
7915
3166
9346
85
7279
3248
8336
4356
1279
9796
1238
8917
4594
7626
3705
6177
7443
6278
4135
3307
158
2304
2787
4598
8229
613
5237
5885
9073
6581
7108
1627
42
6208
7970
4175
9874
4723
38
5233
2514
7577
5782
6418
4837
8272
1801
233
6471
2028
3607
1763
8522
4491
6650
8809
5492
4839
6880
1885
9847
573
2836
5541
7676
5794
1489
9800
9460
8367
2159
7650
2087
1250
3696
2788
3101
6914
9481
5626
9171
842
209
6971
7890
6953
3151
496
168
3258
2149
2656
7488
4870
3213
432
8086
973
9946
4635
2318
849
7014
6921
1760
3680
4404
7404
7208
1920
6854
3069
929
3596
1779
3533
2211
9962
3237
6010
6902
5934
1820
5639
1291
1081
944
8896
2740
8490
9202
714
2818
8629
1
6212
3113
8716
8887
9242
7823
1245
4766
5899
4296
5562
1408
3615
4035
1253
5181
7195
687
9255
429
8372
5804
1621
7663
9748
1434
5957
206
8858
5112
2701
1925
4378
1862
7876
582
511
9281
9390
3703
2805
4258
6821
4215
8295
5447
3375
4929
1812
1683
6597
2660
2098
7934
8833
940
3743
385
4549
1822
8209
583
9156
1453
487
2006
5257
6395
8082
6958
4774
2122
373
316
9422
8656
7599
9485
6977
5400
5909
6751
8061
9605
8660
2804
7214
3695
321
6555
8815
2411
438
3748
1782
4241
2343
8062
3395
7005
1262
3338
6185
7209
3683
6108
8802
167
9423
974
4891
9222
2719
8645
7539
5696
6747
8452
6449
4738
4084
6364
7176
7878
6271
9271
9292
1840
2737
7268
8297
5420
6066
3040
9339
770
3744
9693
7083
2727
3466
5251
1455
1795
6685
1376
3249
1201
3432
4709
6399
2794
472
6697
782
4864
6306
5081
5849
8866
6228
1830
5875
6079
1024
8174
6424
4306
2192
760
4295
2207
9445
3538
4343
3795
9203
9969
4978
1315
9212
2128
1875
5401
3017
4639
141
6426
1962
6712
924
7545
5225
391
9553
2796
4625
9829
6952
960
190
389
5308
8362
4469
3417
2392
2992
8823
5387
3658
7927
4555
816
9937
101
310
3873
9116
6283
7145
7963
7935
4717
1933
1109
178
1538
5469
4473
9581
5992
6402
8284
7612
3495
7616
3694
2443
1509
4234
5873
8298
7535
3334
3424
4901
1826
7853
1940
4951
5576
4624
8323
12
6488
5601
7761
7789
3201
6072
2677
6622
9762
3420
4224
7926
3355
3775
8708
682
2085
4162
9861
9090
4912
9052
8042
1030
2424
5040
4591
1057
5461
3865
7307
7012
8304
266
6810
4096
3712
4908
1811
5080
9676
9447
9630
5227
2954
9868
814
7262
2650
8178
8317
7602
4440
3872
1112
9893
5338
4095