10000
5671
6282
836
2549
1411
3623
6193
5301
4569
9079
1805
7998
6875
2537
3533
3787
682
4382
7492
9494
3624
9643
2328
8572
3430
1055
9990
5553
6680
2216
6231
4750
6932
5195
3923
7379
5361
4483
8366
7017
1740
7260
8146
7212
9185
1641
3602
9860
3551
8510
8784
6447
7094
6637
9667
1790
8936
5094
8960
6710
7380
7473
5374
4536
4841
6085
9877
9959
9602
8963
5337
2505
4362
1919
8820
3367
7064
8876
7534
3722
133
1401
7523
2482
4977
3917
6519
7116
5025
6890
738
6382
9957
5588
2136
4009
7311
9998
120
1728
3513
1386
1512
3075
3417
3764
8075
3547
3353
3632
7214
1317
5385
9428
1735
4387
4199
61
9493
7704
621
7347
8725
7791
6302
8302
2419
1581
7515
6475
5295
774
2600
2718
925
387
4510
8163
8232
5632
1542
1124
7181
355
6171
6410
1731
8567
3320
1045
1295
575
1506
3280
578
2254
5913
3180
2413
4702
9951
3942
462
9173
6871
337
7125
4206
812
484
284
8297
6287
442
2226
6694
9961
4419
6363
8740
4946
7500
8843
1069
3419
4927
3457
1344
6350
6888
6716
9689
307
5910
7065
5547
3733
3682
6948
4450
4480
4222
3077
9060
6594
7609
5629
9565
781
6119
9882
9335
958
2771
94
7815
9105
3671
8313
3573
309
8258
8832
8197
2695
7665
3570
8947
4560
2627
9315
4958
7120
562
4575
2529
497
2812
2733
9923
1976
3295
9248
3805
7199
6113
3389
5705
2961
2525
5218
7066
3323
5581
2024
4427
4553
8360
9251
3411
6117
8984
521
268
6417
6512
9192
3087
8825
8804
2818
2809
8292
9837
9660
3038
402
5478
3193
4731
6142
930
9186
6821
1572
1201
7003
258
250
2727
6624
8753
9945
1528
3080
8605
186
8597
5522
3737
345
6796
9156
3669
6383
281
2516
1308
9076
3178
4074
8295
6812
3936
48
2000
9303
2721
6215
7753
1656
699
8563
9742
2120
5088
5211
8573
9114
6318
8301
4039
1984
7660
332
4262
7338
2490
4098
2761
2240
8303
5803
1615
7868
7067
5058
957
5692
6922
5143
1746
1880
201
6947
7700
8393
584
4466
6931
5033
9680
685
9548
2891
9637
8577
3449
2380
9246
1224
2822
2610
8893
6289
9074
8750
438
1097
1666
8560
9333
7843
7775
9867
3121
9254
5616
6664
3442
3532
2770
6459
7293
3372
4063
2064
5688
7037
1108
6596
3146
8955
6464
2412
2933
5507
6646
2411
1475
3926
2303
7957
3275
8890
1233
3709
7674
9950
6032
8345
2501
5488
7274
6781
572
748
8971
8352
9375
2798
8020
8806
8378
6356
7861
2747
7849
6487
2750
4474
2281
9618
6121
5532
926
1872
1027
4166
7779
7122
7383
4782
1392
4141
2193
9117
9962
3224
7394
4646
5267
7299
5841
3109
8547
7722
4024
9851
1265
6776
4887
2662
793
3930
9047
2221
1724
9094
4881
3815
6791
9042
1870
5568
2498
3241
5078
5901
5191
8874
1080
1745
1217
1376
6201
8664
1056
2795
3797
8437
3762
9344
9512
8483
4440
978
5644
5893
8998
7823
420
6130
6569
9316
3223
3385
1948
737
5292
1839
3723
6182
4781
357
5081
1910
3685
4260
9596
2150
6442
9921
543
4695
9310
7619
6242
2508
9838
9381
7526
7977
2079
3664
315
8970
4142
5909
646
7567
6733
289
8681
3549
8496
5851
4961
6344
9346
6305
3766
6200
5826
3350
5622
3877
7706
6391
7877
7340
6952
1898
8170
2875
2299
2474
560
4965
2496
966
1515
5667
9504
2606
4681
9490
8796
7971
1375
5233
771
394
9051
7944
5214
9444
1565
5134
7548
3744
3469
5554
3260
7570
5070
954
3029
9064
858
6617
1823
5193
2681
8733
2597
4269
5150
8777
2780
4057
4414
2421
5916
2815
6872
732
1334
4318
1420
4871
5541
8636
8637
9423
6690
454
7131
1955
7350
815
7943
9757
3701
5263
6430
980
1273
7920
9372
9530
7955
8428
9790
7907
3920
6652
5005
5594
7386
3938
4566
5386
7140
2930
9291
5376
8238
1068
3170
2629
7477
9166
3597
1559
8518
4069
2632
3946
766
8930
3028
2703
6855
5804
8430
5602
654
2488
643
7857
1490
131
9854
2824
1466
5326
2081
4595
6497
911
4603
756
6180
9743
8892
6243
8125
7410
2112
1133
4759
8355
5100
2994
4794
1473
181
4386
6843
7913
9630
9197
2596
5373
75
9129
9635
2047
6345
9621
6147
4441
8202
7571
1043
5119
4602
8545
2152
5611
9171
1545
9887
2585
7397
1766
1162
3404
1664
6695
3892
9452
5823
7425
7005
4615
1439
8106
5825
5317
8368
7546
7553
4147
6921
3279
1032
1633
6669
8004
4532
5791
6376
9670
1427
72
3841
548
7192
9265
7391
5900
6168
4153
2090
8463
4421
8028
3251
128
7889
7224
3440
2672
2595
5365
4632
4763
4287
8183
2728
6956
6450
7493
2055
2851
5708
5745
9029
7444
9497
1833
8652
5989
3169
6887
2976
1931
6016
2101
2663
6689
2161
2011
4249
7718
5857
8122
9432
6298
1242
2878
5006
7871
4683
4866
711
501
3977
6763
4052
9093
6028
7797
7202
7584
8905
5795
7741
1445
2331
4540
1272
9187
6055
7841
1574
8634
5282
9020
7068
9158
2029
3192
8413
6370
4806
8529
4442
1594
5294
1759
9005
2192
9721
3820
2185
2
8359
8585
1718
3139
1255
7588
105
5781
8370
2797
3559
5302
9445
6559
4424
9349
7414
558
6360
5968
2045
1143
3452
1464
9725
3823
6067
7085
6155
6961
2258
861
7263
28
9336
1540
9146
770
5424
7498
4715
6999
2527
9869
7901
4544
5073
5467
9234
2078
2115
4457
964
5779
1685
1953
4665
6845
9917
5641
1917
6730
6929
7399
9698
1626
2053
2349
5354
4582
4944
5368
1551
6895
3509
1935
6658
1607
8574
7478
2696
5675
2745
2153
9466
1214
6879
2907
4853
5310
3298
3687
6602
5203
2807
3247
2575
1352
1772
8655
5537
1593
1431
3689
2110
527
9308
2127
6564
3810
2058
8188
6616
9196
9049
8473
8166
2787
8115
833
707
8233
2831
846
2731
5714
8011
9650
5237
5820
3504
5885
5818
635
4583
5197
1873
8506
7145
6154
1547
3046
2700
8515
6696
34
5474
5099
9513
5420
6965
9132
1584
4758
6485
1024
9330
6166
5426
9435
8769
4849
979
1694
8265
8407
9722
148
2384
1592
2269
8114
4331
9427
3628
5166
5423
479
773
2603
983
4035
5799
850
8442
3056
3273
6187
8565
5452
2853
6558
1182
364
9716
932
3608
291
8377
3839
2077
1200
2228
3429
3887
4608
4177
8994
4196
4656
2458
3556
4475
4212
1460
3522
1875
5508
8864
3441
9000
2125
714
4437
7314
2563
7018
299
5416
8940
4354
5016
9840
6532
7228
8968
6920
2792
9221
1335
2147
8401
4612
2920
8308
1238
189
7095
2921
3366
4753
7924
823
8190
7794
9770
8928
7748
5591
6567
5634
150
6805
4509
1031
8160
431
3530
688
7271
2431
8558
2622
9968
3274
9421
71
669
9824
4762
7191
5806
5042
8495
4149
2089
1063
7991
3643
5903
3893
545
4455
7864
2187
6984
9570
6428
5084
6086
8478
4650
6528
6907
2255
7616
4714
2503
1874
8609
1851
9260
4252
8967
3611
8003
769
1879
9524
7230
5396
9285
1107
5761
7326
460
8067
6275
5205
9590
8306
6118
2877
4432
52
3381
2724
7561
2579
5135
7590
6204
3040
673
6401
3981
222
4019
2476
4994
300
8083
1123
4850
8921
7463
4405
4903
4267
3691
6306
6412
5276
7215
2382
8082
5225
7876
5246
758
6023
988
6668
1170
1264
8772
3148
8432
511
494
2273
9416
5918
8150
110
1774
8680
8206
2900
8380
894
2179
3964
625
7213
9589
3115
2521
9556
7651
3268
2347
8619
4878
2478
4374
1502
6116
9014
2709
7752
8867
5479
6269
2945
1417
6954
8734
7866
3022
7210
3610
3931
693
6397
8348
5524
8093
8613
5289
5469
116
3313
7865
9364
4049
6908
4505
8107
5862
8566
7633
3013
3259
3933
2764
5926
9379
3039
5996
3506
7615
1783
6753
2628
9827
4923
216
8886
118
1564
3286
4686
3745
6336
465
1647
3421
5419
7623
5521
4640
9775
8946
3514
4576
7695
354
2052
9563
2686
2205
3606
491
9736
3670
2958
3289
7342
8771
4379
8712
7100
6553
8809
5497
7632
7783
4521
513
5777
6233
6455
8543
6498
6592
6125
1300
5399
839
9526
8990
5640
9063
1147
7339
3082
154
9695
7373
3561
6274
4261
3257
4117
2206
6072
280
6348
1797
8911
9023
531
3208
330
4677
8159
6862
8339
6780
2391
9313
3594
5192
9271
934
4738
167
3101
2517
4594
8981
1811
4453
1438
6347
5850
361
3726
8858
8546
1109
2569
8898
8961
2845
3534
4859
4255
5647
5360
4263
5715
1963
6304
4300
4829
997
9914
8084
2111
397
1478
2730
8408
2790
2589
9348
8738
3285
9001
2544
6424
8954
3284
1261
7863
4774
7390
7697
9004
1057
4323
9441
7150
783
1180
7139
7007
4148
9773
428
416
5755
8638
5635
868
8929
3097
1508
4654
7345
6262
9913
2553
373
64
2379
5109
8152
9370
5874
2470
3162
7337
6970
8300
3966
6980
2971
3544
2803
1815
1198
9039
1276
5057
9783
5694
1128
6724
7642
9367
2748
4315
6715
4090
8512
2082
6213
6785
9925
8162
8283
1357
6039
3151
1543
2207
5367
490
514
627
4073
3061
5389
6790
2359
9900
4236
3886
5774
9619
79
9537
1795
4710
2304
8763
7751
8575
8356
7661
2198
5690
4571
9687
2605
9567
4448
4342
4367
5136
5796
8608
9350
9678
5886
2902
2910
4140
2235
2835
5904
495
2873
5194
2296
6829
6277
9256
30
1014
622
1269
9031
2821
6928
7679
6615
6235
8737
9798
4506
9442
6869
8592
7141
7598
1570
4519
5512
2174
6365
5125
99
9361
9749
3528
537
5010
5086
7091
7459
3484
2561
2755
5103
277
7851
7221
8831
6590
1684
7255
1145
9834
3829
2247
2399
4348
2353
3553
6071
2811
3226
2784
3315
3558
3287
137
2691
5449
9607
4046
3014
2314
582
814
6208
444
3545
2990
9615
4417
173
3271
4718
9283
2098
4962
3921
1573
3019
6017
9752
4659
5534
7117
3739
7356
2102
7787
3018
9865
33
1146
4183
3254
5207
1842
7747
3907
6400
8259
2788
5571
8272
38
6944
5161
5853
4116
9710
8208
3773
7284
5979
5937
92
9955
9095
4777
8080
4021
8472
5320
5076
4365
1356
3525
5701
2467
8466
6476
4207
2334
6521
8701
4627
5908
5117
2204
1696
5681
4167
7171
4118
6394
6517
9276
2154
5600
1621
4787
1041
100
9966
786
7193
7883
7850
632
3725
9835
5977
2766
1391
1044
4812
2519
2738
3746
3706
2143
6882
7750
4548
1538
6008
778
8266
9080
6570
3832
4296
9213
3459
7452
9233
1688
1970
1164
5353
6381
2693
9188
9174
556
1840
830
5201
1161
9405
4957
188
3775
6037
7197
1326
6330
3642
6246
7981
5879
9932
5413
8868
9855
1869
2927
4997
7036
486
9189
5269
9168
8919
8618
4727
5762
6803
819
7860
7355
7680
1533
9378
2454
6299
8860
702
8523
7934
3541
9685
890
8280
7618
2615
712
4847
565
7404
9645
1315
8991
2791
498
9795
7658
8261
2479
9481
5700
6092
2246
7348
4844
499
8012
4434
7393
3112
9326
4555
3155
6433
5992
6868
1586
8099
5483
8275
3450
9991
2138
1413
8944
3163
2333
3752
1648
5256
1159
4815
656
8433
4133
6698
3060
8976
4152
9780
7072
5169
3390
1304
5306
4065
8509
4720
185
6451
2826
2586
1877
1169
9679
7653
9699
9252
8151
4545
2593
8382
5940
942
4796
7424
432
8821
5104
2500
4487
3999
5199
933
510
5888
755
1499
7952
246
3992
304
9334
5348
7450
813
3189
3814
2616
9862
544
5401
5643
6934
4713
7378
746
3983
1687
2227
7818
2515
5350
6167
9360
3335
4309
2131
1568
8456
5786
6236
8727
7908
3707
381
2882
9872
3001
4838
4971
9647
1868
3300
9861
7101
7887
1040
7246
3116
8023
7418
5526
9319
2651
5801
6128
1705
2658
5219
3007
1717
4987
9407
8389
2762
6288
4499
2620
8231
6761
9938
7530
2420
3973
2241
2776
7930
4585
8852
3096
2679
9304
6286
6406
1946
4465
8882
5679
1360
6989
7503
9943
1365
1591
2618
2073
7645
8875
6322
8525
3445
6990
2736
8899
9281
5579
5028
7921
2955
6104
123
3425
5699
1577
5439
4520
145
5514
708
1221
3721
6863
5855
4125
2317
1749
5529
9290
6216
4458
7316
256
3903
1190
9772
8828
8945
4479
3153
4864
5160
2256
4056
6547
1208
3600
6527
7946
6378
660
968
5434
6544
4948
7589
4246
5922
8022
2665
5720
5236
5975
3945
3996
6471
3655
424
3127
4138
1756
466
1864
2034
7795
2848
5608
6224
6839
6939
6993
5897
2480
5296
7353
1836
5325
8305
4488
681
9134
6828
1078
3475
4740
6530
7564
1788
5047
3962
594
7358
5953
9546
4043
5787
1110
3971
3980
3201
7891
9374
3099
5066
6849
2838
8342
2916
6914
2438
9046
3387
2518
3358
5266
16
3843
6439
8223
5947
4732
2925
6386
3133
638
2159
5264
7439
817
3230
869
9597
525
8016
6554
9440
5342
7063
8785
8501
2037
5907
3679
2737
283
1171
6700
5022
3188
197
6794
5531
1103
272
1862
6955
8119
7577
177
9138
7544
122
2611
3796
400
9672
9342
8987
6874
9868
7035
5878
7136
3376
3265
591
5702
1042
9011
8236
7294
3929
3696
7001
4289
5788
3051
4172
8251
4584
1021
4808
7430
1332
884
1239
1712
6906
1729
9274
6866
7178
9691
5451
5513
3212
3034
9601
4872
7781
7659
1163
3592
5709
5068
2261
4369
6685
9658
8589
9136
2796
1468
2915
557
2105
4106
5255
6647
2166
1768
2637
9594
5132
1649
8917
9539
6774
7805
3454
78
9648
1229
9864
763
9727
7603
6924
7839
810
668
2977
6983
6063
6239
2485
1760
1485
7649
6601
3572
6399
2841
4895
6379
3645
3919
4554
5287
6612
678
7232
5674
9400
7557
4630
7953
775
6369
8337
2656
2729
9979
8582
735
7238
4813
8346
3751
6891
7650
2210
7239
7867
931
4270
2834
5427
6261
5279
9976
3990
553
9694
2657
614
4495
3392
1457
5065
4443
9488
7070
5485
2133
1710
1191
5990
4282
36
1894
5450
6628
9970
8751
8684
5750
5866
7663
7910
3478
3523
9219
3158
6560
9844
1011
5391
9401
9702
5966
5049
2638
3529
3939
2357
9952
4691
4996
592
4096
8986
5768
8344
45
9776
8838
7773
9451
808
500
7703
9124
1256
3394
2103
2042
8434
8532
3617
828
6598
1853
8835
1084
374
6824
8092
1481
8443
8066
1867
6884
9576
1301
5867
6650
5964
860
6228
4862
5593
5998
8320
3205
1793
3092
3497
415
4856
5082
5251
4191
5809
777
1402
8958
1454
1314
1316
5045
9954
1005
4232
950
1405
2830
2208
6070
8005
458
9606
4870
6588
4136
7945
8584
9215
4620
2033
5577
4661
3466
8924
1642
4010
2837
8436
3662
1443
6203
4202
1285
3196
3786
5614
9243
5758
4091
888
3135
1189
8502
4527
3502
4473
47
6945
6670
3410
5351
6510
8780
4399
533
8535
9177
2377
4428
5564
7028
8764
3108
8136
1461
9514
7755
9907
7517
6047
8211
8062
4067
9097
3388
2019
6445
5744
636
5837
3579
9040
7578
2683
2543
1838
5858
4078
5077
9038
7778
6073
2499
40
3562
1787
9162
4826
529
6247
4294
9916
5882
9425
8761
9819
8747
3520
4456
7559
3630
5725
2324
9476
174
3037
824
8396
7278
4200
2757
6255
7242
1444
4444
8165
7451
9933
9750
2367
4430
4785
1432
8659
2716
6857
2332
1491
2935
8014
4524
3753
9625
439
102
6126
8516
8576
847
3889
9915
2654
6329
6644
6264
2661
7077
6210
1943
1535
4484
8703
5963
8053
8693
5245
838
1023
9598
7151
6405
9575
8468
2059
4559
1689
8164
8253
1661
4278
3069
690
8073
7405
7371
67
8050
2428
6436
9659
2135
3434
414
4591
3899
3374
3152
6886
6461
8855
2339
249
1796
1951
9614
5470
4916
3397
3122
8021
9518
3960
519
7789
5921
3305
4655
4641
1521
3202
362
8081
6861
4832
8474
1636
5646
8977
4607
3361
39
7482
4460
168
8643
1629
9975
4027
1925
4896
7129
4573
6484
965
4981
9107
4280
9385
7217
2009
517
3412
5090
8317
785
907
8674
8459
530
7363
9341
7108
7147
8884
7605
5737
8999
4556
8779
4394
9808
7917
1857
7060
2323
8487
3168
620
8544
4834
7995
6784
9382
1410
1379
9853
2040
7020
561
114
859
7388
248
7127
2993
6692
6230
8156
1086
7683
6729
8514
9748
4415
5493
5868
7696
9155
9013
1136
433
8441
734
7538
2965
1871
2800
4372
1727
8019
9993
5925
4639
2626
516
8438
4454
568
9016
9299
6162
2066
697
1060
880
9471
2233
6150
8714
4171
6514
7647
8058
7301
2582
2541
8736
9523
4446
231
7200
7031
319
8033
2446
670
482
1341
2469
1520
5948
2644
5177
3974
1537
8449
4160
3647
7630
577
4150
6926
9148
2725
5871
6881
5187
2067
1207
2385
9830
915
4658
7672
535
1858
2030
5864
7458
1583
8870
4380
2779
1786
8451
3166
4617
7935
9048
2708
2272
2904
857
2337
7235
8481
2167
3011
2914
4653
1204
2340
2126
7169
2203
6672
955
6937
3555
134
4766
7174
8741
2213
5265
3104
9726
2381
987
9557
3836
2887
199
6479
3220
2847
2513
8754
1624
4877
3049
1972
1914
9218
2564
2437
3326
7475
9412
1637
9713
3816
870
9946
9295
7157
8505
2879
4402
3908
9805
1913
959
1861
8932
6323
4060
1835
4868
7522
7712
4102
9814
2487
1289
9801
5340
8826
9665
6191
4198
4447
2880
8131
4335
8191
6562
1692
8906
7460
6291
4113
5484
1151
5672
1567
9856
2157
8095
8148
8304
5733
2027
1560
8094
3110
6281
2956
6563
4775
675
7576
3677
5182
506
2720
7756
9909
2734
1253
8615
1952
5729
5754
6973
8830
356
7579
7631
8675
1779
7176
4237
55
6772
4366
4180
1659
449
8154
8842
9300
8499
8
1548
2676
4783
984
3424
3263
1093
1007
2739
6573
8209
3474
4741
7592
46
4668
1981
4412
7185
7057
2922
8885
7973
7909
1503
8603
928
9982
1775
1206
3911
8420
2099
7182
9465
5491
1501
1029
2109
676
7771
2913
393
7447
7985
1278
366
7508
3927
4144
2140
5196
9692
3359
7190
2361
3567
8289
5163
9797
8745
3526
2707
6572
1038
2530
4622
8111
7254
6526
271
6095
2659
3684
4081
3352
1610
2574
4662
4842
8500
4332
2948
9289
352
349
7013
5973
789
1669
4370
4725
9058
2697
3363
6160
1142
8409
2678
5726
2265
1472
662
8581
6462
1856
5438
5102
2307
6124
489
1092
5277
8141
2599
1967
3240
2520
8126
8527
9649
2370
4469
2923
9554
9841
4637
709
4846
6496
799
4137
9118
6712
8168
9376
2687
4190
8193
5615
4993
4918
1496
2677
5719
7931
5158
290
7343
8775
2897
8038
520
3730
9846
9778
7954
8240
1058
5063
2756
3100
9654
3735
6867
2315
7159
816
346
4807
9227
2165
9059
93
5813
4535
3876
3161
8001
5933
2777
896
9671
4590
7537
6649
4772
589
7711
9540
1263
5243
2118
228
2068
8524
8319
1487
6621
4407
2592
5660
7105
2137
1230
6050
1010
2270
2199
4242
9390
6659
8288
6653
9498
8085
7250
3881
1722
5378
977
9958
4265
5673
6018
2020
5772
7315
3045
8773
7937
436
5718
6227
1982
8340
3584
3213
7442
8398
3515
3972
6807
1183
6441
7033
129
171
3554
2250
3978
3296
9533
1896
1486
9278
5178
6346
4338
7902
2486
3132
1174
9701
9068
6912
7130
2978
1152
1737
8794
9453
44
1741
302
6079
11
862
6673
8494
5101
101
1354
4023
720
9603
5017
56
1156
6770
107
8596
1362
9506
4397
3004
4184
2297
9825
9890
4817
4188
6823
801
6048
8578
8381
6515
3954
8343
269
7281
9832
2890
5569
7495
6604
2872
4900
7501
5431
6998
5587
5115
8723
9873
8812
4020
7208
4114
1148
1035
795
3835
1039
6941
4290
360
5592
8774
1099
4513
6825
5336
3760
2054
8458
1507
9994
9395
109
7416
4978
4481
3831
2344
9450
7824
1680
9700
8690
9903
2145
8180
4139
9836
1498
6706
9057
411
3858
6343
8057
1228
7308
5186
3290
7731
4980
2168
8908
2625
2104
2789
2987
5881
477
1015
8298
2859
8756
8128
9123
5896
8728
2342
1266
5500
729
1878
1394
6013
7
6595
855
8827
1064
4134
3090
7820
7382
3991
1415
6911
9170
7852
9332
2653
480
3357
5083
1852
91
1081
1887
7059
1138
3949
9784
5829
7885
6173
4068
8557
618
5511
5570
1605
9754
8174
9511
5422
2190
9566
7154
542
3103
1297
3569
2682
555
294
8671
6053
4950
8400
9974
3278
8088
7481
7845
1961
7167
6542
9964
5623
3864
5856
6268
3123
7963
8590
1358
7510
7431
1247
5654
5153
2743
3885
9462
865
3328
5785
9960
6682
395
7796
2028
1279
3042
2253
5435
8015
8715
3024
7899
7938
257
443
4865
4982
2740
3791
9706
1203
8718
6779
3327
1569
6418
7784
3134
8873
5509
4523
6889
18
9255
6549
5148
6725
7836
8808
7888
613
4451
4033
6109
4211
5457
7009
232
3471
2445
2146
1903
8847
213
1993
5630
3218
6440
3994
3206
2316
1962
4688
1639
6133
663
9948
3654
5425
6421
9995
9972
4502
3351
2639
5274
6446
5767
9127
4706
5338
6
5607
1964
8628
2827
733
1022
8651
892
9272
8786
1430
226
6263
9209
3341
679
4894
6626
2005
1424
6041
5551
474
6962
9626
239
3728
6042
2230
5589
2401
5590
5621
5961
2988
8246
2021
3577
5180
7436
3667
831
200
4778
204
1719
4489
9822
3243
4333
502
164
5275
9600
3494
6847
2276
6278
3537
8797
4800
6723
8760
5625
4464
297
1073
6408
1250
2673
8888
4014
4357
3480
7875
1579
4034
6151
8848
3064
2601
4501
834
6902
7601
3880
5927
6158
3690
2144
2751
7729
718
7438
9340
4857
5707
6741
8555
5254
9745
2968
4533
6030
849
1318
4472
7765
4426
5112
9980
6251
8284
6375
5155
6335
852
3649
4077
4003
990
2866
626
2215
4852
8349
1598
3147
5917
9901
504
8641
2113
8979
593
8110
8672
1223
2963
3826
3853
1699
5209
335
7470
2951
1511
3855
5059
5538
4966
6852
3183
8620
3330
1505
5061
1436
1008
2335
4672
4568
8192
820
9331
5994
8008
9145
4770
1909
3869
2840
1083
8965
1125
7335
4906
2932
9092
4303
9733
5126
8692
3976
2894
9616
904
4737
3448
365
7813
396
1517
2962
2690
3738
473
2223
1291
3470
7693
4485
5628
8907
8054
5763
2489
6737
7628
2612
8749
7103
8235
3483
1331
760
6853
35
3485
2301
6991
8035
9101
8182
2306
1539
7240
7089
5226
3027
993
9402
9768
6531
2309
3283
7965
7270
9826
5092
6679
9222
1477
8915
9153
295
6131
4247
9634
3023
7738
4340
7622
7000
9477
2559
3778
9201
6808
5323
4319
7476
282
4468
2494
5580
5341
6156
2338
8071
4967
9270
1158
6905
1504
1510
3231
5343
1816
146
5039
6313
2076
5074
1702
8841
7524
2950
95
7156
4910
4193
2532
617
8788
736
3272
8086
3114
6002
4071
1761
6466
4925
8078
6856
7974
4610
8988
5972
9740
7996
6677
8787
595
4238
2376
4463
4101
2365
3214
1349
9500
3036
7126
6038
9816
3758
3303
2388
9894
9682
127
6066
3909
9728
9178
8669
6775
7313
7362
7030
2148
9845
8047
3409
4601
1167
2461
6711
1369
6087
3585
3635
581
615
5545
1553
1557
6749
743
4240
9904
7968
3819
6943
8871
6425
4310
6611
2666
1298
8385
8024
7134
8060
6622
8429
4746
5819
7413
1037
2893
7054
4482
9
6877
1640
3821
7774
3016
4507
4356
4070
7207
8799
7307
541
8234
149
5952
3302
3222
3137
2075
9627
7705
2481
5472
4875
6024
7514
5003
409
7550
2464
4351
1780
1966
3997
7245
7966
4717
7904
779
3306
9517
2044
9628
4244
3761
5723
3041
7137
6960
6046
1237
4349
2032
7936
7015
8465
3310
5105
5784
7104
5962
1370
7671
7979
7279
3140
9028
81
5530
1753
9939
9103
2903
2308
7332
6367
8732
1474
2715
4704
3712
132
750
3444
7096
2856
461
7045
5682
210
8758
3789
7367
992
8956
6188
3199
7170
8039
8580
5284
3652
4633
98
8593
245
653
9763
2452
7594
4670
9388
976
5950
7776
3443
4567
2995
6179
9880
9190
4798
3379
6910
5223
4229
8588
5658
7453
6209
6458
4839
7419
6341
8708
1254
8824
5890
4892
4413
5668
3204
5624
4305
9415
6165
2329
9992
3079
2128
9113
6129
906
456
3734
2170
2991
5281
6366
7717
4082
6254
713
254
6631
8186
384
4467
7300
1500
63
2465
6565
3316
9577
9580
8943
3234
475
3866
3742
5665
5393
9165
3636
220
9741
8837
4317
6718
7859
9717
3934
6639
3625
2631
5372
3463
5911
5915
2236
8985
7110
8862
2114
630
4275
9734
4522
3842
4952
7261
5859
8025
65
9542
2698
5308
3235
7721
8102
6122
88
900
7596
336
6143
6052
3631
9357
8444
1525
759
1009
9941
6757
2418
3901
7102
7014
5970
6815
8551
2944
9850
1465
3952
4061
4105
1173
2117
5794
5959
8199
6120
6453
4131
6551
3343
9664
939
5318
8935
5854
3961
3124
9711
9258
6132
5525
583
9927
2535
8139
4773
5822
949
4122
2069
5012
4709
273
3228
3239
9312
4929
259
4671
7177
7434
5757
1808
3517
6885
1381
3871
7364
8521
1489
2645
1709
1471
8850
3248
1938
4097
7547
77
6245
4253
9641
8601
8267
5459
4687
947
1698
5575
7947
3340
2191
8607
2178
3717
1578
1088
9322
872
3780
9586
136
6894
6232
7265
5330
1732
3003
8649
6034
5548
7519
1769
3550
7216
1971
2294
6361
183
2782
152
6094
885
642
4898
5392
476
8709
3784
6416
5559
4089
8417
9947
5811
1754
886
8257
633
2004
1974
8517
5533
9139
6817
7664
6940
3336
2810
2881
3066
9019
8696
8041
2781
1928
1082
8127
2251
6301
9264
4885
6035
7983
1440
9897
7903
2302
6249
7922
6913
4823
1441
312
359
2763
8226
202
8839
7223
3925
1957
960
9061
7531
7249
8140
5929
8972
7582
5234
4515
9007
5462
6202
7800
5072
1848
4243
1845
5347
3993
5999
1139
7422
4329
9620
8798
6587
9910
8161
863
9356
2936
534
5480
9157
175
27
8836
8224
8950
3546
5717
8482
9320
7916
399
6838
3026
3613
6178
6878
1333
2402
7736
1406
2358
661
1660
209
8048
1483
3959
9396
5031
4213
6513
5412
3656
6145
8742
657
191
4311
2931
5244
7053
353
317
7574
369
2393
9152
8105
8926
3882
7038
5293
7604
3438
6751
4439
7832
9688
9012
5949
6080
2219
8488
2408
3187
2580
5988
2646
9906
6967
7803
4373
5722
599
5283
6297
9705
7292
2732
1467
453
619
348
2607
8386
765
8869
5870
3986
7370
1994
7449
1446
3217
7724
7950
9703
2310
1969
3005
2410
8791
7466
7219
5232
326
1075
7792
8135
5093
1926
3437
6916
3713
4586
6078
2941
2001
2680
5995
9930
9895
1855
9866
6734
7437
8255
2973
8196
8087
6987
9358
9519
2557
3575
1635
4197
727
8076
8221
6854
2794
4684
2217
4111
5815
8765
3581
2088
2635
7118
7881
5659
1374
5528
2456
7372
8064
5387
5454
2371
532
2938
2911
7306
9669
9314
6760
2263
5502
3989
1311
7880
6859
6110
7069
7806
3698
8729
4667
7644
7506
6899
7690
9502
1885
4375
5482
7641
8215
1523
2885
8405
6752
5780
1047
4018
3941
7097
4901
5971
2702
8931
6359
2057
5946
8982
5984
8464
5418
5902
9241
4029
5951
3720
3203
4701
1739
9806
5261
2918
4350
8052
7112
4888
9564
9199
5210
2510
4496
4425
8489
9404
848
4304
4949
4940
3382
3225
4551
8454
7878
3767
6599
7929
9084
2670
5941
9738
8327
6371
4276
4828
3008
1002
7375
5495
4130
9989
1791
1968
1881
2547
999
2972
1494
2425
9884
74
9863
235
9194
2867
1211
1155
8879
2262
7593
5934
3859
4663
3157
2284
3616
4905
404
6654
4780
2497
3373
8184
2061
5549
6748
4012
6393
8519
6317
9729
7317
3641
1518
7366
3716
1339
8350
2892
106
4404
3694
8189
4693
2905
7828
2940
9731
1387
7406
142
8485
1804
7464
9842
4204
7165
2043
7744
6536
6106
8143
7351
8685
5965
5127
4477
935
9073
5610
6850
5880
2014
8203
2924
7071
5411
6745
7061
9172
5556
4546
989
5776
9720
806
8453
9235
7681
4124
5578
313
9969
151
6840
1309
7699
9978
6349
9321
430
4321
1550
2578
7766
5712
6099
8157
8237
4
3827
2087
7226
5573
292
6308
3191
389
4360
9104
6755
3002
6773
1863
9223
8394
2594
9712
4891
5523
8992
5436
9067
2989
2352
1382
4007
170
5165
4995
9771
4325
2292
9482
9288
2041
7896
2772
9683
6051
4577
9102
2162
4422
2405
818
1945
5220
8666
2849
457
3136
2548
1425
9225
3818
9807
8059
8845
9971
922
659
3661
3489
5380
6799
5037
5875
6140
7552
8230
9202
5075
1580
1566
1303
4161
4788
5566
5711
4626
29
9785
3957
4224
844
5334
9828
8480
5453
5014
3724
4040
9169
1070
5288
5043
1950
7827
6667
8497
9119
2689
5130
6525
3378
9582
3578
4436
5782
647
8371
5370
1194
752
4002
4504
672
6782
716
1980
5492
124
3512
1177
3362
6058
2319
7870
7788
918
4822
9108
1367
1947
4512
2649
7685
6561
247
2562
4094
4346
7927
3587
7153
9893
8109
7468
2576
5807
2010
8719
4408
1293
2713
4882
5477
2949
703
9787
253
7807
5889
7234
5936
9098
1165
3184
9277
2647
4597
1197
4093
3356
8175
7305
4168
6502
8781
1611
8285
4578
9474
3267
7786
3098
1270
2097
2752
5651
1678
4186
4936
4355
889
1672
908
2414
4115
7740
695
3627
7196
2289
262
422
3461
1453
2808
4880
7710
5498
2836
4223
8657
8793
7291
3906
3772
6253
7012
7205
5024
878
9133
8440
9433
9003
5417
5930
7932
6977
9675
5056
3119
8731
2451
5054
2598
4669
8744
7462
9666
3342
7021
3054
7233
9479
5486
2934
2156
4123
9275
6427
6303
1329
5384
6328
412
996
5252
723
9053
1904
7761
1876
5536
4497
308
7257
9296
6591
2196
3788
1716
6676
7625
2065
9461
3743
1252
3676
1456
1403
3548
608
1738
1691
9009
1036
6259
4675
6163
7569
261
2124
1492
9561
263
2668
2283
7024
111
7287
9002
1328
5002
4552
3659
9065
787
7566
871
1604
6614
7893
1534
3055
3299
6982
2959
3072
3943
9203
3840
3863
7098
7689
1933
9030
6354
5703
6102
551
1452
8594
5932
2286
6422
7155
2614
237
1667
4947
8147
1153
7648
8124
244
4165
8467
6842
9653
5821
8724
1378
8711
8952
8214
6100
1603
624
6876
2858
7321
1322
9888
3401
8704
7304
6033
1813
7990
2134
6001
7143
3668
4988
3348
6337
9663
9424
1602
9446
6114
5241
7158
9377
5333
5505
7948
1532
2386
4107
1336
1096
700
3067
6634
3867
7793
9311
7244
192
1683
214
8814
8743
4937
7801
6820
9257
1663
6974
6693
7798
2642
7643
1248
7179
8538
5382
3781
8293
4194
1495
9078
3032
1016
7029
3776
5642
7563
2542
3763
6927
3879
7002
6390
8881
1736
84
1824
7328
877
6746
3539
5051
2860
7161
6321
6076
4833
4983
5506
2929
2194
9818
3266
9632
7019
4041
3269
611
2248
3673
1798
3177
509
9253
5314
9813
7357
7490
6584
8450
8061
4259
8564
3455
2778
7480
3329
4284
9122
9735
481
9386
5405
3496
9237
82
8169
180
3258
3928
7160
4220
1888
8415
3053
8321
5080
3604
4176
5202
5764
5678
3453
9531
9210
8721
7058
8376
4028
2171
86
6186
2121
2526
1052
9327
1658
427
936
6387
3460
6541
7879
1631
8606
3740
5140
9167
472
7341
5138
805
7166
6833
7359
9191
6211
1003
9812
1187
6744
5259
698
8469
4623
7448
879
13
6169
7113
9886
8077
2074
7106
2404
2093
8978
8249
2183
6933
3658
2291
8475
6555
2031
7636
6500
8717
3860
3294
3802
4985
8307
1924
1409
1949
1428
3009
3050
2071
7862
68
3150
4169
4230
6873
7163
7940
579
9355
6777
9942
7128
1061
9043
3812
1154
8795
8325
4678
1942
5455
7258
1902
7591
9116
5018
7967
1168
1900
1249
3083
1150
1176
3128
9799
4251
8678
8201
3804
8287
3595
2290
6352
2244
2906
3156
3253
8556
5562
1330
9236
9460
9447
8195
8511
9121
6472
5656
9208
5131
2243
7392
6589
9324
7810
1609
9164
8811
4493
5239
6897
9919
7512
1087
2723
2364
3834
6177
6195
5550
8504
7456
4491
6665
5409
8966
5038
5790
8513
3492
405
3874
7319
1653
7956
5443
8315
1646
6764
4298
7669
1704
6620
1448
3542
6217
2435
9449
767
8362
2966
3081
6975
5173
1469
8392
9508
6470
4972
1090
3242
367
9810
524
9362
5664
1286
9338
2462
7286
3785
3998
3975
5458
5185
2773
998
6925
5240
7613
7074
6454
3614
5466
8903
7454
4135
2407
8217
3436
4941
4676
2857
921
1277
3756
1000
8677
1668
4618
8446
9908
5612
4729
5892
2266
6540
4652
8130
5824
9817
4435
797
5812
7809
3118
6036
5430
3955
7412
2979
9505
4336
5490
8032
9018
8767
4703
1192
6607
9398
6064
8218
6822
2392
1076
8103
5410
6096
7854
4547
7662
8768
9656
807
8264
227
9323
3890
4698
9085
1012
2799
5869
9737
5520
2604
1470
4038
796
7733
9033
8616
3937
322
8347
4353
8722
4092
1346
4254
3210
6638
9849
3172
5652
7882
2062
4271
9115
8656
3568
6342
6742
650
7411
5141
3304
9391
5735
2440
4754
6456
5942
6858
4922
2321
610
845
6022
351
8402
1218
6207
4518
4110
3672
8902
2455
6060
8222
7172
3360
7484
837
9351
917
3607
62
7905
9214
3612
5198
6935
2025
3364
5883
8329
4970
8176
2669
776
4048
8534
144
6675
1447
7646
6550
2200
7607
7654
1377
6566
6258
9120
9870
9083
5599
224
5810
178
1939
3311
3851
53
6995
147
2884
6804
7295
3967
6229
8925
7211
2012
4530
1337
8623
1832
1383
6721
451
4392
6473
5200
1655
2214
5032
7837
4320
9677
4879
8037
8989
2341
3792
8375
4751
3799
5213
5597
4433
1831
5021
1834
9354
8100
9791
3875
8658
2006
6244
5558
5976
1714
1260
1130
5648
4541
9829
1921
223
4976
7107
6809
1157
9536
1770
523
3227
3017
951
9485
6019
2442
8358
9091
5297
3715
2546
600
6020
4233
358
3847
1126
6735
6260
5716
648
9220
540
1771
5517
6176
5487
1178
6769
512
8957
8896
2305
7734
4285
5098
5107
5543
1822
1100
1711
293
7657
8074
5152
9368
840
8390
8333
6362
8137
1784
9532
1313
6600
9384
6465
8406
4697
2346
6985
4700
587
3806
6295
372
2039
4831
2522
6136
1693
3264
8439
1794
7184
2122
2717
5217
318
7769
4811
9161
1275
7486
9099
2108
8823
6619
1302
6226
6377
7626
2619
6953
3021
1959
6205
7325
9054
6135
2277
8508
4926
9491
7109
5863
207
4307
1589
2942
7004
9629
1114
4051
8861
5179
8630
4174
8207
7821
7562
4973
3984
9406
8816
1509
4075
2320
5693
441
2398
1960
2132
4792
5446
9343
2711
7897
9811
6923
410
5247
5613
9140
9454
3368
1325
9413
2753
4549
6806
7785
3076
1758
3458
2457
3968
9408
4264
3063
8383
7999
1484
1634
3383
8248
8323
9833
2551
5369
6743
2630
1513
6315
6307
569
6014
1435
9657
2362
7684
7969
7266
5414
4013
8997
5304
7919
3215
4308
7188
5188
3479
9714
5020
7062
3281
1077
3508
4393
6810
3073
2652
1541
7354
6800
9244
875
7318
1324
7535
9796
9751
7336
5689
4095
8851
2036
1054
7790
2560
4820
3918
5736
1219
6331
2621
496
7124
6364
6467
4187
1121
7489
9762
6199
4914
4830
4511
7432
3913
5097
6522
6061
2056
8098
7560
1844
6691
9455
4935
1988
8210
3195
7368
9010
7573
6722
5891
7421
9551
7491
3369
7048
3947
6786
2874
1268
8938
3407
4059
5765
6452
2158
4084
8097
2188
6468
8216
6813
8104
1345
6326
1450
6758
2996
1098
3798
6834
5009
7194
6463
4915
719
155
8922
5456
8980
1137
2674
3319
5215
6083
8365
3297
1479
6827
3951
9419
1576
7539
2222
4064
4908
4201
4611
4873
3324
5557
8498
7842
22
8877
6581
7814
8331
4058
867
6919
2106
3245
8817
8568
2862
2085
1927
3793
5212
7290
7282
538
9883
8213
6357
9965
2495
973
8187
5429
266
5663
3872
6327
7575
1442
3808
9307
20
2424
7727
1850
1422
9538
3052
5067
2282
4016
1287
8783
6477
1929
3646
3312
6898
9560
7545
874
3414
5792
6578
9766
4192
9496
9422
780
8900
768
8239
9217
7581
3451
125
5327
9230
6270
3476
1892
7540
4121
6635
3749
9480
9820
3395
392
9555
8425
9206
5742
1186
794
7964
2783
6651
6767
8171
1372
5190
7768
518
8624
9779
8889
8635
5830
1343
5181
6728
4156
2176
6358
3095
4728
9584
6044
3176
5046
7829
1149
7958
7725
4964
7433
5286
9050
2926
6568
1067
21
8964
5108
9696
9937
1307
905
1049
1812
3111
8863
1860
6802
6054
9443
5271
9224
8013
5363
1708
1628
3084
6192
9528
1571
717
1918
9036
6971
194
3261
233
2116
8155
1652
6241
6423
9674
6739
6183
1616
2327
5476
6007
6520
6197
1013
4145
8445
2861
1196
4795
1353
9245
2828
7516
8621
2719
4605
5738
5697
6029
6552
8662
5797
3777
2430
5638
8220
3639
9843
4250
4416
7702
6273
7732
6325
8046
6374
7395
8477
9693
5313
4938
5270
5636
2443
6841
9473
2852
4001
1524
9898
6963
6557
7198
2330
8200
9541
1079
1608
2937
5704
8595
5743
5943
14
5800
9999
3894
4734
2722
8959
3985
2602
8904
8281
219
4649
9501
5463
10
469
4217
1662
7513
425
1526
4429
130
3699
2239
418
9581
3898
4313
3830
8553
6027
2395
8748
4500
96
7762
3560
6449
7838
5991
7504
6272
8883
2225
2211
4863
429
1166
4000
550
1516
49
8245
7026
5997
1053
4679
5352
2354
1825
3807
5783
241
3446
1934
3048
1905
274
4154
9777
7349
5151
115
3683
7323
1113
8364
5300
6623
3171
5204
1380
8484
7280
2049
9529
7886
7253
4647
8129
9389
7408
8112
7812
386
4341
1588
5563
5585
5250
4438
448
832
5050
6978
3531
4390
435
948
821
9216
9967
2403
6000
2869
7844
7997
4604
165
7387
1347
6238
3648
2917
7942
4368
3702
4619
4339
66
1681
8369
4525
4735
8018
3057
6407
1234
9017
1743
6395
8090
3779
1806
6537
8185
2953
3650
6949
1998
2002
2512
187
9732
6172
891
5428
3902
2556
4225
1747
641
7312
9848
8552
6115
2084
526
2825
9371
866
7415
7764
7346
6480
7081
721
7554
1089
9075
5793
7183
9624
5137
1288
5686
3058
3117
7149
6123
6641
8537
9259
4157
7542
2350
3113
1348
9510
8698
5248
2805
8887
2444
539
2964
6237
2975
745
602
6290
1462
3030
4563
3987
5935
9896
7267
9889
7474
4245
3833
1361
924
5358
3593
5769
566
811
4461
1350
1618
2843
3059
7277
2426
4258
4385
7352
9636
5319
1991
4396
9723
6836
7637
2889
6797
5044
6719
9899
9267
4979
3074
426
8897
7754
9730
2268
4119
8878
3771
2318
4209
4025
5460
9719
4743
4514
8687
1807
2313
3660
5008
7420
7949
8948
4146
7770
208
4542
8002
1944
7521
4155
6074
4164
2422
2046
4462
4352
6981
7666
3179
4660
3406
3703
887
3143
3782
3252
5375
5609
3620
4274
5027
7610
6031
8629
6678
8996
8144
1916
7396
4883
8290
5906
1389
4969
3704
8665
5447
655
2415
3391
8299
1160
4570
6671
883
7816
87
2912
267
5172
5311
8559
3491
5122
3107
3900
8739
6283
6608
4534
9240
4851
798
8716
3070
6222
9610
2007
8705
8397
3010
5938
9987
7201
4235
4959
6870
6482
7324
5504
7296
6219
6900
4814
9150
8367
1283
4100
1340
7467
1280
4062
1104
9704
6174
7716
2252
3487
6918
6575
205
6431
2636
1476
4088
6636
7586
9087
5272
5960
741
51
628
6740
4648
4736
9149
342
6509
691
6097
5349
2355
1686
3347
7322
9128
143
3599
2919
9781
1622
4986
1232
6206
9195
9110
7532
378
1493
3518
1390
1246
9380
3477
9543
6146
1122
6413
8326
5364
7970
909
1243
5583
5041
1937
2572
5770
6936
4008
3527
8457
324
637
3456
8854
7831
8414
2565
7986
665
1979
3181
5698
5814
3035
4716
3237
603
5840
8101
6372
3589
1676
5444
658
664
7361
7303
7811
6320
4836
5842
7047
371
802
9755
1416
9204
2026
6025
1514
4054
9352
6396
9126
3200
1587
7115
6296
7022
2901
5899
7668
791
3750
7423
4234
4884
8539
8913
5013
9141
3431
5649
6605
6662
328
4818
9708
2806
238
2710
3482
8530
9077
7483
9261
7758
4406
7256
7988
2374
8746
6220
8688
5095
6144
2459
1231
1748
334
2550
1585
5978
901
8648
7189
9599
3719
5315
2416
5828
5035
236
8118
1792
478
1915
1675
3126
8316
4418
5052
2584
704
7652
9232
6495
2003
7052
4036
4942
7252
2980
2909
4579
159
8933
7656
2754
4943
7580
6518
4326
306
5388
1536
7923
1050
9940
2634
3186
5147
5849
2048
6107
2466
325
9329
2524
9032
3884
3803
4203
5766
5724
9100
3044
163
9592
7673
8120
4629
9345
2035
9875
8891
2433
1071
586
3346
3165
3426
3403
5316
2981
2793
5371
8776
1497
6788
3105
169
7076
242
8034
8778
3891
2985
6093
2275
447
8849
982
4143
6747
8640
5845
5582
4572
3354
5123
3757
9583
8939
1897
3144
9769
5987
471
6280
753
3969
8310
7046
4819
986
9495
8357
4593
5834
9397
1119
6469
8312
6645
2123
6946
9147
452
8026
8423
4790
73
2278
4266
4299
8314
4869
4302
407
3727
1006
5894
2212
8683
8927
5395
8533
3535
5091
8611
6494
5128
5273
5760
6252
6915
4587
3783
9464
9205
1911
2264
8894
6577
4132
7951
6276
7898
8829
3663
2477
5816
6069
2839
522
2844
5146
2274
9112
9988
3540
9044
2095
3598
2706
3396
2571
8663
8720
5184
7195
1973
2536
1351
9417
2970
1601
1225
6880
5957
3182
6848
3861
9106
5249
4083
9684
9724
1800
8912
9633
6969
5129
7309
3916
2502
8819
8627
2372
1644
7142
3856
5827
2460
1989
7099
3755
9410
4989
6571
2864
7873
3837
7269
1257
9499
4767
1932
8923
645
37
9071
7980
991
5939
350
4789
2363
5986
7175
1482
4345
9912
3736
4855
6766
7080
4391
937
6026
343
1907
2322
8699
7443
5437
4363
3995
9212
684
3566
6727
2701
7984
2820
4195
8177
3958
6339
1026
5945
331
162
4907
1977
3854
4625
5574
464
3988
2650
1975
3321
3824
6904
6491
895
4037
4539
3944
7928
1645
5407
468
5357
612
5817
3675
3692
4494
7276
6005
2552
3207
4120
8702
8993
4410
2400
7285
8757
9438
7624
5116
9571
5618
7330
2022
6474
4045
1434
8260
5366
6389
4784
5029
9041
8262
5144
296
2588
8570
406
184
3759
9550
3375
4689
505
6185
7808
8859
4827
552
3317
9089
554
4103
2566
893
6610
7084
2086
4288
4400
7746
5221
25
9585
8089
8587
7600
4699
7511
3486
8179
9697
1458
1673
1821
9414
5633
5838
1414
7494
6319
8735
9638
9611
7135
3953
166
5753
4272
809
1561
7639
1282
8973
4381
8263
4291
6704
9211
4080
7528
7675
9786
9024
2023
5258
4803
1657
3516
2760
9646
914
9525
3817
3800
485
7289
7465
5383
1398
4170
8332
8815
5669
3965
6159
195
9144
9509
2018
5542
596
6148
459
952
4403
5402
1884
4902
7333
298
1188
8372
229
8995
4990
2326
8520
2257
3142
5167
4614
5751
1321
3850
8549
8540
8569
2202
6750
225
6293
8895
606
1597
3250
5873
6432
1385
4383
4824
240
6250
3138
6701
8853
9503
413
7826
4550
327
3729
6435
2842
2173
7817
437
974
1941
4867
5544
3678
507
3769
4011
9767
975
1726
6655
2472
4248
5884
4816
6968
4745
6801
7635
7079
927
5771
234
6501
5019
4651
6190
1393
1449
314
792
3503
3795
24
9111
4643
7025
9547
310
4739
7027
3618
4151
2232
7527
3563
1818
1327
5739
6049
6988
9823
4445
4897
4361
2759
1095
2558
4874
3828
8017
9459
2394
6089
1623
7698
3033
5752
2139
8654
7856
9434
8418
6736
5661
4934
5335
6385
5914
8522
445
193
5606
1463
2624
1554
3198
2986
8974
7505
2741
1185
6687
6792
3501
6917
26
7218
8116
8909
2664
6783
80
3651
6819
5872
666
9949
8476
2688
2846
7730
1267
6837
1643
7759
2613
1373
9604
8363
1408
158
8384
3085
7148
5741
6139
7918
1562
4919
4181
549
2231
9309
4696
7714
5969
9069
5670
5053
121
2169
4674
8490
15
3601
5473
8424
2868
6056
2804
7987
5676
3402
8244
8256
1292
1455
899
923
1400
7247
4256
1085
4984
2201
1120
9608
580
4449
6798
2814
4642
5011
6489
42
6545
4644
5381
8354
5653
9339
6892
7264
2591
8691
8387
8650
6384
5958
3093
898
7846
4954
3905
8633
9472
1271
2197
6256
2038
1679
9655
7993
7369
3154
5432
9066
7611
4749
7455
4592
8645
4733
4561
4498
5746
5168
5231
5802
9489
7360
913
4376
2957
8550
5398
3888
1433
4281
8027
1582
2181
5230
1773
2833
3681
5662
1222
1305
4283
1776
4221
9891
4459
4917
687
6460
8949
1179
9996
9262
8610
5944
6084
8049
1259
4951
388
2149
4538
4109
7497
2237
1404
8916
5808
5321
8173
4565
7082
6403
1488
9163
4889
17
1184
2094
9926
1284
3355
7890
6223
749
8225
8219
3065
5089
1459
6090
4613
3020
9905
8600
6006
4330
4791
6309
3415
835
4517
6930
1757
5403
7229
2504
4210
864
7735
3825
1755
4624
5400
3
3873
7599
940
2774
6138
6787
2854
6368
2016
1922
652
8108
5023
4779
2997
9545
5331
316
9266
7329
363
4047
804
1677
7723
7994
1733
7634
8571
1893
4742
1310
215
8452
4621
5113
8479
8068
5064
7708
7236
7912
6938
8153
3979
3384
3590
4810
2293
3468
9436
3339
9035
3129
3145
772
6157
9573
1312
5441
3380
1226
9809
1140
5683
6043
7400
89
7164
6212
4708
401
4992
5216
1828
8241
305
6629
8009
5355
5516
8042
4768
9800
6045
730
1522
2242
7667
8792
5356
6942
1895
7075
563
1730
6409
4645
2684
487
8204
4752
3238
9956
8644
7982
8790
9892
2096
528
2186
5390
103
5835
7743
3714
9250
2092
4053
6633
344
7713
9668
1251
3932
3845
9125
4598
3399
6010
4112
2429
4490
5805
6004
9468
8813
6717
3473
4628
2151
7427
851
2441
3246
6103
7485
1421
4228
5687
3922
5604
6765
4580
6457
8252
1141
6493
4848
1544
380
286
5603
1700
7874
3465
2177
5931
117
5034
5464
4076
7682
9198
3236
3619
2823
3244
3591
1546
9902
7010
2436
1613
6864
9159
7556
4835
275
403
2573
7520
6661
6098
1407
4876
4050
8117
7760
6112
3510
8697
5650
7006
8612
7959
4292
8673
5789
8653
139
1384
588
2648
9572
1630
1235
5560
4600
8447
1072
4860
2348
5157
3711
8274
3910
5000
54
5905
203
5481
2218
9852
9072
597
9690
2954
4638
4398
9794
1781
3695
4596
8228
2209
2946
7407
7043
5307
2130
3499
4178
9269
2298
8910
8007
856
4042
1734
5465
8278
3897
6756
9707
7739
6426
7640
1134
3435
4231
2345
5285
7298
1767
9305
8069
576
1764
4129
2182
9985
1296
8800
370
6503
3325
4226
2267
9034
6957
3870
3131
8486
6814
3657
9302
7032
9612
3948
7833
6021
4286
6414
4543
5503
9591
19
3467
2450
2017
2617
9458
5993
6627
2375
4712
2865
2765
2704
2008
2195
3748
9090
7565
5496
1829
6011
4930
1837
6279
5843
4470
8710
967
338
9239
1519
311
9661
1245
1065
788
4531
255
5079
12
8395
4760
4219
7162
4721
4371
4030
3233
6976
8470
8410
7555
1062
1978
4241
5139
7168
7525
5149
920
2660
6082
9448
434
1625
724
7138
6707
6546
2463
689
1066
4845
8942
6574
2336
7509
8782
4516
2813
2587
2507
7220
9286
8953
4328
4478
5298
6314
1956
1908
5847
1671
2590
7251
157
6161
2406
5415
3680
7227
3653
9363
8194
1920
2999
4802
2886
3094
70
2641
3423
3276
8212
3000
3197
6585
640
421
5189
616
2279
9037
7237
7231
3291
1802
3141
5170
7676
1112
3091
2539
941
7602
6640
4682
1817
1899
1830
2545
6127
9715
3301
5639
8818
4004
8941
9301
9369
4722
3519
7614
4636
4558
728
1480
6538
7617
2083
6429
4705
2473
7848
4079
6768
9426
7549
6404
3666
9522
6355
1782
60
1599
4257
5631
5555
5848
1364
2343
739
4589
8866
8602
4837
9082
1713
1105
7975
1531
3130
2378
4899
1725
3552
4185
3622
9759
5238
8679
2493
8132
4581
9569
7915
9859
2554
5695
843
8604
6248
9456
1342
6699
3209
2863
2531
2623
6091
4158
5861
2160
7225
944
4452
1854
8113
3344
7180
1810
8918
8010
7606
8969
1181
6499
1841
9070
9249
903
8056
7688
303
383
7051
3822
4293
8503
4564
4227
873
5164
1695
2180
140
6909
23
4085
5408
7461
379
2768
8614
2983
347
9753
3086
3447
7872
6175
4825
2423
2506
2850
2224
9318
8983
9568
1819
7123
4377
6271
6883
4769
3633
706
9793
3089
919
9747
6726
8622
4999
6511
3428
5291
5919
8322
4757
9802
9200
8374
4312
9081
8309
605
4162
754
7040
2129
5955
4389
5527
4476
2051
9325
2974
6490
8752
4127
3688
5586
4486
3078
3754
2694
2245
5329
2998
5229
1912
446
9934
1803
7608
3416
8411
6582
8647
5471
1721
8031
5706
2534
4890
5346
4786
8460
398
5228
4664
9553
9764
9789
2533
2259
4087
5759
7398
7884
3262
631
7428
7799
6683
5324
8914
4322
6576
3495
9911
6586
1549
6686
5567
3564
8462
7469
3770
3173
1826
5494
7088
4364
9588
6411
5982
8294
2819
3982
573
5235
2417
1799
5598
3950
1996
6731
4295
7819
6950
4337
57
390
5227
6170
4606
9640
3878
2070
2509
230
7933
278
4821
1116
8617
945
9294
7757
6705
90
963
8079
1720
8493
1744
4939
2855
8181
6300
6486
1195
8072
5442
3120
8030
9457
5445
1638
7726
5731
604
5162
2229
8856
6137
5332
2013
3838
463
9765
7365
5519
5928
7204
6795
2427
417
2369
3433
4420
4055
9439
742
3904
6618
2898
119
9086
2238
7858
4409
5124
5747
4388
4163
2220
6579
3565
3216
9273
9487
5734
1742
6860
5174
1338
7678
6539
1883
2514
3583
9935
943
3811
4503
546
6524
340
6507
7402
9279
6793
1777
5721
1596
3031
5007
3557
8055
8421
2667
6713
6225
2608
5096
7344
4529
7186
4574
6789
9858
762
156
5684
2769
5895
4928
3365
6420
9878
3710
7385
276
9409
6062
3292
3849
6846
7320
2468
9651
2288
8822
7011
1046
8682
1323
9984
7719
6666
9821
1859
5253
423
5062
3420
7472
7502
7835
2175
6994
9662
3322
5087
2390
2570
5111
58
4066
4933
9359
1923
9268
9746
3629
9282
8353
8834
1212
9642
8598
8403
3505
4840
3809
8427
3015
2163
7691
5985
1216
8336
7499
7331
8631
9179
382
5655
2234
1236
6434
3338
6702
8361
6684
3883
9193
3106
9180
6153
8755
3331
6257
3700
2511
9022
9782
9928
6012
7050
4797
5280
7745
3337
2775
3511
1199
4306
2164
5713
5176
7972
4327
97
5974
1175
1172
6194
5120
8689
8029
1820
971
493
4631
6353
981
1030
2609
9609
9463
4526
2448
6310
3472
8167
7709
5839
6642
8268
179
8471
9920
686
8051
3307
8706
4911
5489
7187
3615
2300
2767
5015
190
5595
7206
2726
7894
3896
8713
1426
1789
1299
6221
2015
198
5620
7629
1244
3314
1865
76
9744
6380
5535
7583
153
1843
6643
9137
7707
5748
8461
3277
7541
3844
5145
8548
3293
59
9559
8121
2671
264
4945
9143
9515
3211
9874
6392
2583
9673
6964
9182
3333
2685
882
5832
5026
488
1809
1033
5121
9963
218
3963
3813
4921
377
1575
3747
1992
6754
2567
3768
1025
564
1018
744
5617
1127
7044
9207
4126
6529
5362
5048
9411
7782
5619
4301
1552
4886
5798
4022
7086
1891
8412
2643
9293
375
6065
1399
3588
1017
6523
3422
9484
3498
8865
5626
7440
6697
7978
6105
6316
7834
8542
9613
7042
5397
212
2311
822
5262
4208
1954
651
8063
1213
3102
9520
5222
3270
8000
6448
7780
4747
5912
32
31
3393
6811
391
5539
112
8642
9287
2816
7023
8145
5440
8435
1985
8536
2692
2396
757
683
7638
5305
1274
4344
9549
3405
2373
9639
6593
9135
138
323
492
4175
7241
221
3062
3640
9516
6234
7055
5278
9918
3524
6606
3686
8391
3439
9756
196
1129
3626
5666
7961
6966
6603
4723
2528
6597
8803
3576
3229
9478
2080
7895
1397
8158
9298
3349
7772
4562
3370
2119
1997
740
6972
9183
2072
5515
9527
3462
4685
1001
141
3674
4692
2287
3571
4086
5561
761
5322
6415
9045
8632
1258
7694
270
7283
1205
912
3413
2786
8271
5920
6556
9238
3249
6437
6198
902
6660
3194
5475
6533
9026
969
764
1995
4314
4998
6134
8810
4719
6534
6419
4953
2705
1111
2555
3043
8277
9403
6951
6081
4358
3582
6630
1762
7401
1563
8040
6656
4680
4960
5448
1118
5339
4026
946
9631
5257
8269
705
4711
9175
559
285
6657
1209
2449
7389
9534
8254
970
3638
5844
6709
1241
69
4031
4557
7078
953
726
7016
2984
3693
4384
3377
5394
6324
1059
5433
1412
7457
1034
8695
4588
4423
7900
4690
4044
7830
265
6334
5576
1388
6196
1558
9507
6075
9761
7558
1202
3637
4793
8668
6068
7056
5749
7620
7992
7272
5242
7262
6516
4179
7892
8178
3175
1019
3164
3741
2142
6580
2483
1847
938
4273
9096
3697
8341
2260
3536
7471
9154
5898
6003
8328
5175
2107
5967
1707
574
2939
2896
4401
7268
6240
4843
3852
3427
7403
85
8138
9622
8247
1706
8335
9815
8762
2523
1651
4006
7111
1801
8531
6688
7989
135
4005
1396
4920
3418
7551
1004
9151
3256
5627
8045
6720
1115
5290
8759
9392
8399
6901
8526
4755
2675
3481
6077
6088
9056
4277
2063
1
8044
1940
4239
570
7446
3167
8492
7568
639
1210
4104
7034
7715
4347
243
9652
2895
7119
5377
7597
2967
2982
8562
7173
6648
1101
8660
2876
5685
288
1682
5004
2801
3012
5773
6265
8802
6663
2351
4931
2383
126
4726
5345
2655
674
8646
4858
6762
1986
43
9587
9027
7090
2832
7911
2785
6481
1750
4099
8198
985
5359
1632
8586
6488
9431
747
4378
6152
3609
2538
508
1627
9365
1106
6438
9676
2491
467
8311
6986
9944
800
3940
6732
4017
483
4744
1418
2184
5923
4159
5118
5983
1590
1697
6443
7587
4904
4805
1240
9366
5299
9739
9130
7334
470
7203
5831
5605
9558
6992
782
1306
6292
10000
7039
1670
9394
8242
9831
5924
1763
1131
607
9131
1048
692
2432
4968
8142
5085
6506
8279
972
9686
206
694
8901
1614
680
3398
6865
1723
2758
6548
3219
7585
8291
3543
3088
9986
9052
1890
9109
8528
9803
9469
341
2817
3665
8006
4956
3935
2577
7374
2633
9922
6759
7121
7496
994
715
1371
2908
6184
5865
3801
1527
5069
9383
7152
9231
368
6373
3586
6958
3605
5860
6609
8507
5060
8625
5114
3432
6903
8318
3634
1958
7297
8639
1366
2325
8676
6332
5154
8937
7445
376
1437
1701
1363
5756
8070
1429
7441
8330
9142
7487
7670
6996
3309
4924
9292
7087
7435
8707
4854
1930
4616
4431
8661
7092
3318
9420
6189
1074
5036
7914
929
8036
4015
5328
2475
6108
6338
7248
7273
3221
9623
3790
5110
9973
5565
9804
7692
1227
7288
9552
2312
3765
7742
9297
9977
7533
5852
2050
3912
6835
1889
7417
9709
916
4913
176
3596
8065
5710
7259
9792
4471
634
7209
5159
7621
4297
7855
4861
5728
3047
854
6267
6583
3970
3621
2712
4508
1849
9788
4205
2295
9470
1368
5260
4173
5775
696
5344
8379
3071
9544
252
7737
8205
7655
1020
2492
7869
9953
9226
1262
5379
9644
5980
6681
2947
2189
1395
1028
3895
1703
9247
7677
7275
7763
6851
6771
2992
9430
6141
8833
2568
1220
3232
1135
7302
7133
2746
5303
7840
4756
8807
7479
7114
9681
8250
4893
7409
9847
1752
3334
5956
1936
1451
623
2368
5106
4316
5730
9997
7926
8840
9088
160
5406
1294
956
8934
4765
7243
2356
5696
9876
1102
3400
7686
3731
4730
339
1529
3282
9015
790
7701
8422
6632
5
7132
3794
7008
9774
9228
83
6997
1751
7384
7381
4268
1620
1901
2883
2060
3288
9021
1619
2943
6703
9492
4666
4761
6181
5833
3865
6492
1827
4657
881
9160
6831
9760
8426
701
7377
1612
3345
5680
9353
1320
9008
450
5510
8951
2829
3924
9437
8975
5206
6504
8270
9373
9981
2155
4707
897
7802
9328
751
4279
5404
9521
3149
8334
8227
2439
8962
8229
9885
4801
4804
7976
2100
1990
7327
9475
6009
1674
3371
1117
3846
995
1193
6674
9317
1765
8338
2870
4537
217
8455
826
6959
3006
1715
8448
3774
301
2952
1983
6266
4395
321
9839
5657
8324
5142
3490
4932
5846
8700
6826
113
5877
1144
9871
5001
7720
515
4218
8286
3488
1094
677
5040
7822
7529
7804
5596
6057
9929
2928
8243
8091
9718
41
853
1556
7146
2969
9486
333
7429
5584
8805
5312
3708
1690
571
827
8880
9176
1866
8123
1665
455
6816
8134
7507
3848
9184
4411
7906
3915
7853
3507
1654
4809
961
7595
9936
9562
1555
547
4724
6778
7310
5954
9578
3464
9229
8276
8626
4974
2871
8554
211
5224
8670
6402
5677
2409
8351
9605
3644
9429
7777
8491
251
9924
3185
2434
1882
5309
536
1423
8149
9418
9931
9347
9574
567
279
2141
6738
6059
3705
2742
4214
7612
9062
8541
6896
590
5171
6830
601
7426
4528
8920
6284
7627
1132
5601
5887
8133
4359
5501
784
1886
722
3500
6818
6388
4776
4492
4748
7049
6893
4343
1051
2285
9399
9242
2280
609
8846
1595
6478
5468
598
5637
7749
5030
6312
5981
3408
6311
649
5732
9983
841
1091
9758
6333
260
4771
8282
4975
440
2447
2484
9879
5572
1650
4189
7073
108
6218
8296
3956
3174
4799
4128
7847
287
9595
6832
4764
4182
8416
4635
3857
8667
6505
2453
3255
9535
6444
9579
910
4609
7960
2540
9387
2888
7144
2699
7572
8561
4991
4599
829
1215
671
6111
5268
1987
962
803
3308
419
7728
3718
6214
2714
4912
7222
8043
2271
1606
3386
6340
5156
4032
9467
6294
7536
1359
9284
6149
8373
731
5055
1600
9306
7093
2172
3521
8273
4334
7083
8686
1281
6483
6398
4963
1778
5540
3580
6508
5546
8096
7518
8770
3603
9280
5727
2249
5499
8801
3068
6543
1785
9857
8789
5421
2091
5645
1906
4108
3538
4673
7962
3025
6101
320
1814
5778
8872
6613
385
2366
3868
6979
9006
7941
1846
8857
8599
7939
8172
825
2471
8404
5836
6535
5740
8694
2749
50
6285
3732
3862
1530
5691
3914
3493
3160
5071
2397
725
5133
9593
9025
9617
161
842
2360
5183
1290
6714
1355
8591
2802
2899
2389
7376
104
585
8579
182
1319
5876
8388
4634
172
4072
8431
8419
5461
7543
9263
2960
3332
4909
6351
5208
2581
8583
6844
7767
2735
4955
710
876
3190
7488
9483
2640
9337
8730
4324
2387
6015
667
3125
629
3159
6040
1999
644
4694
1965
3574
7041
503
9055
9881
9393
9181
6708
5518
329
7925
8766
408
5552
4216
7825
8726
7687
6164
1419
4215
2744
8844
1617
6625